2 35400 35185202 33727 2726650 48866 66804 2304 314 1688 669 2101 329 -1.000000 720.000000 -0.001391 0.933065 0 4 17230.384998
2 25247 16820708 23941 3333452 24576 46569 1995 418 2191 1077 2296 379 0.000000 720.000000 0.000000 0.906197 0 4 12649.370436
2 46679 47961062 33559 2942843 63613 78086 2137 390 1924 895 2331 400 1.000000 720.000000 0.001391 0.946546 0 4 18693.298648
2 170111 184513583 119499 10807059 217999 287456 2145 505 3539 2251 3938 526 -1.000000 720.000000 -0.001391 0.985156 0 4 13769.733527
2 62563 59796856 48978 8495350 78562 108255 2158 421 2021 1283 2722 466 0.000000 720.000000 0.000000 0.951193 0 4 15565.831684
2 37988 31808286 38323 9952698 55111 72875 3326 416 2099 650 1869 458 0.000000 720.000000 0.000000 0.911389 0 4 15374.363001
2 72210 76896190 45324 3503693 84173 114186 3177 316 2154 1014 2084 364 -1.000000 720.000000 -0.001391 0.944484 0 4 18994.175325
2 112487 125421601 57656 4255872 121015 167507 2617 316 1676 957 1677 316 0.000000 720.000000 0.000000 0.969126 0 4 21312.226842
2 232209 265325984 123841 8305822 293116 353639 2396 220 2284 2702 2730 221 -1.000000 720.000000 -0.001391 0.986499 0 4 17848.127543
2 93758 102374526 54145 3946815 102349 144510 2953 379 1586 821 1981 339 0.000000 720.000000 0.000000 0.957093 0 4 18871.769515
2 19837 17169139 16250 1753689 27208 33451 2295 346 899 530 1355 349 38.000000 305.000000 0.052851 0.863358 0 4 17823.942118
2 36893 37465166 39771 3811900 65854 74404 2118 263 859 1024 1037 275 71.000000 290.000000 0.098748 0.942894 0 3 8797.582390
2 9077 4587791 9808 1686040 8722 16995 1805 216 786 421 712 247 52.000000 163.000000 0.072423 0.804342 0 3 11509.177094
2 163580 186849463 64838 5458375 163705 226434 1939 269 1781 748 1276 293 10.000000 655.000000 0.013908 0.982825 0 4 9854.059191
2 184709 217622235 74988 5249390 186658 257407 2255 334 2031 687 1462 318 2.000000 720.000000 0.002782 0.982499 0 3 17918.127358
2 36843 34302178 30080 2907788 47735 64970 1905 360 2715 914 1823 336 2.000000 720.000000 0.002782 0.942352 0 4 19128.207989
2 40141 39025829 32939 2998539 47559 71562 1508 259 2459 768 1729 283 1.000000 720.000000 0.001391 0.958593 0 3 15348.177878
2 16122 9779093 16883 3573183 18808 31699 1296 265 2309 766 1524 263 3.000000 720.000000 0.004172 0.921163 0 3 19959.082735
2 27019 18016485 28603 3138394 25302 53879 1701 385 6193 3019 2257 327 0.000000 720.000000 0.000000 0.938082 0 4 13812.883423
2 56015 55366156 44417 3813559 74029 98574 1646 346 5327 2865 1696 302 -1.000000 720.000000 -0.001391 0.965111 0 4 16359.947607
2 37823 34379841 34159 4229233 30724 70020 1736 306 2172 648 1794 341 -1.000000 720.000000 -0.001391 0.948626 0 4 19264.853380
2 34677 30651054 33459 2987363 39612 66257 1785 282 5201 1687 1468 286 -1.000000 720.000000 -0.001391 0.946225 0 4 11115.047877
2 21983 17030206 21875 2040372 22564 42685 1136 278 3365 642 1481 260 1.000000 386.000000 0.001391 0.947353 0 27 13991.687752
2 39215 36373131 28730 2446560 47177 66583 1337 279 2462 641 1526 293 -1.000000 720.000000 -0.001391 0.960277 0 4 16684.034515
2 38638 33244545 32806 2920229 49366 70031 1411 422 2313 873 1744 334 -1.000000 720.000000 -0.001391 0.960473 0 4 16029.675221
2 53314 44427177 44125 3341891 80867 96283 1140 253 2166 705 1719 254 0.000000 720.000000 0.000000 0.976437 0 4 18230.673196
2 27429 23784931 22079 2317787 31873 48312 1151 239 1640 563 1202 229 -1.000000 720.000000 -0.001391 0.952594 0 4 16997.405268
2 41077 41142032 37562 2978365 61402 77470 1147 275 2125 595 1427 314 -1.000000 720.000000 -0.001391 0.970549 0 4 16761.005423
2 92070 97634358 75406 5695609 126517 165868 1599 467 2795 1233 2545 446 -1.000000 720.000000 -0.001391 0.980851 0 4 20351.444721
2 29613 16965502 26930 3324557 30945 54854 1651 426 2653 1489 2791 413 -1.000000 720.000000 -0.001391 0.940930 0 4 24721.428363
2 28045 17123584 26216 3454523 27140 50575 3626 439 2363 1208 2354 482 -1.000000 720.000000 -0.001391 0.865244 0 4 18009.622215
2 74753 80036582 66524 4969066 72582 138793 2481 249 1795 788 1758 325 -1.000000 720.000000 -0.001391 0.964856 0 4 15226.975999
2 72215 70296396 61019 8887679 75545 130180 3001 494 2130 1065 2417 439 -1.000000 720.000000 -0.001391 0.954554 0 4 14298.592371
2 22386 18743782 20870 2047056 31228 41461 1772 389 1453 536 1593 381 7.000000 597.000000 0.011745 0.917537 0 4 15255.226507
1 29341 32462111 26223 1757290 42316 55215 341 63 932 276 656 91 69.000000 380.000000 0.095967 0.987582 0 1 140.360297
1 12574 8403882 12464 1451992 10883 24614 417 119 1141 534 662 105 59.000000 152.000000 0.082058 0.966411 0 1 201.580518
1 29197 33525355 17563 1075263 40530 46458 282 38 920 232 419 74 61.000000 175.000000 0.085077 0.987511 0 1 121.560415
1 75329 88891369 48328 2485341 115026 123296 353 70 1429 1123 710 83 71.000000 150.000000 0.098748 0.994226 0 1 186.278565
1 36459 42579086 24628 1310542 55541 60581 467 70 798 703 401 72 164.000000 73.000000 0.228412 0.984072 0 1 178.251315
1 18126 20171937 16287 971957 29269 34157 250 27 706 134 294 51 111.000000 290.000000 0.154381 0.985296 0 1 102.301405
1 26668 30416991 18398 1039814 39080 44811 246 21 1199 145 240 48 93.000000 188.000000 0.129526 0.988883 0 1 95.164377
1 2332 989273 3293 348302 1298 5374 233 19 597 148 165 45 152.000000 205.000000 0.211405 0.913956 0 1 83.828881
1 54450 62928503 35245 1894862 82202 89360 326 41 1035 1656 666 58 41.000000 273.000000 0.057024 0.992631 0 1 159.134489
1 1779 698665 2595 281736 1083 4233 136 18 563 132 180 44 213.000000 149.000000 0.335962 0.936671 0 1 75.459606
1 142 52951 275 41367 141 327 89 13 40 11 47 20 643.000000 44.000000 0.929191 0.570743 0 1 8.876901
1 0 0 17 1737 0 10 7 0 0 0 0 2 611.000000 2.000000 0.972930 0.176471 0 0 0.000000
1 277 97648 528 86736 178 594 195 23 83 27 72 35 579.000000 53.000000 0.853982 0.495652 0 1 16.660041
1 147855 175895544 51396 3382674 146710 198766 460 87 1180 440 711 101 100.000000 486.000000 0.142045 0.995257 0 1 176.279352
1 172517 208898926 62541 3591792 171482 234798 252 31 927 240 395 53 63.000000 189.000000 0.087622 0.997822 0 1 113.645887
1 16789 17295925 14711 1076506 23978 31088 391 73 1540 312 524 87 44.000000 210.000000 0.061196 0.974508 0 1 140.513310
1 11601 8974365 11051 1175343 11399 22335 308 52 1760 377 688 80 40.000000 402.000000 0.055633 0.972409 0 1 180.917741
1 3579 1205561 5853 2066480 3712 9230 190 25 1401 243 330 55 53.000000 285.000000 0.073713 0.958439 0 1 157.123364
1 4439 2687891 6189 551995 3764 10264 349 42 1487 159 288 61 56.000000 153.000000 0.077886 0.932913 0 1 121.493777
1 41373 48575997 28684 1776698 64081 69818 230 39 848 167 275 67 60.000000 182.000000 0.083449 0.993305 0 1 108.773903
1 21139 22485946 18314 2344837 23197 39128 305 37 667 223 377 68 74.000000 279.000000 0.102921 0.984032 0 1 120.207516
1 8891 6901889 9235 1252601 9836 17771 349 55 1062 282 393 89 69.000000 224.000000 0.095967 0.961161 0 1 139.330507
1 2751 1037391 4057 401168 1274 6561 240 27 943 131 228 53 137.000000 117.000000 0.190542 0.928466 0 1 96.044266
1 2493 879370 4098 402493 1296 6312 260 27 1075 150 300 45 74.000000 170.000000 0.102921 0.918222 0 1 99.965850
1 5391 3471094 6529 710380 5882 11575 338 76 1191 278 458 92 51.000000 400.000000 0.070932 0.942701 0 1 150.609322
1 2144 820100 3587 387361 1404 5486 226 15 1006 135 217 43 74.000000 107.000000 0.102921 0.917815 0 1 106.691875
1 3292 1923221 4545 427238 2344 7542 288 21 995 181 246 52 97.000000 213.000000 0.135097 0.925609 0 1 126.167061
1 2582 1352679 3853 362477 2031 6209 218 19 923 139 197 40 91.000000 261.000000 0.126565 0.931002 0 1 101.782758
1 14480 13064899 13610 1384658 18260 27723 349 103 1189 363 670 90 60.000000 356.000000 0.083449 0.974510 0 1 135.739097
1 6353 3100134 7632 1033221 4742 13630 348 51 981 391 527 73 74.000000 105.000000 0.102921 0.949732 0 1 160.097773
1 8341 5122136 9568 1320829 7577 17495 399 99 1139 433 625 103 82.000000 236.000000 0.114047 0.954604 0 1 1716.643714
1 3283 1649820 4809 574088 3134 7788 294 39 908 202 374 75 106.000000 181.000000 0.147427 0.926100 0 1 106.956548
1 13050 10093729 12913 1401720 11537 25536 414 107 956 432 728 88 67.000000 111.000000 0.093185 0.967608 0 1 178.270124
1 1680 696373 2172 231872 1274 3724 115 15 389 72 161 45 337.000000 108.000000 0.570220 0.936916 0 1 41.384638
1 2422 1393427 2218 326124 2216 3245 1372 37 125 70 228 66 299.000000 54.000000 0.415855 0.403664 0 1 1317.019794
1 746 227223 810 113921 493 782 772 12 29 26 68 31 381.000000 23.000000 0.529903 0.006427 0 1 7.404244
1 840 229429 911 111986 584 897 848 14 44 30 82 32 383.000000 41.000000 0.533426 0.027984 0 1 1578.071848
1 7555 4777328 5848 705759 4767 12479 911 52 393 58 696 56 336.000000 53.000000 0.467967 0.863090 0 1 1096.431241
1 4307 1265225 4976 4541895 4305 8366 906 15 52 44 125 35 301.000000 36.000000 0.418637 0.803620 0 1 1527.913825
1 1463 400156 1799 206768 729 1154 2097 23 56 42 139 37 227.000000 39.000000 0.317039 0.289086 0 1 1481.364469
1 1564 543588 1743 194038 615 1035 2266 21 42 32 95 32 230.000000 53.000000 0.319889 0.372241 0 1 14.981035
1 1224 318345 1488 184266 649 1041 1658 20 62 38 118 40 240.000000 44.000000 0.333797 0.227507 0 1 1423.512645
1 1170 227639 1357 297801 311 705 1812 12 25 23 48 29 263.000000 31.000000 0.365786 0.438069 0 1 11.239217
1 1303 319516 1510 168131 371 714 2050 14 26 18 60 31 253.000000 31.000000 0.351878 0.474938 0 1 3636.493851
1 1292 222407 1446 225572 593 1021 1522 22 46 38 84 36 240.000000 41.000000 0.336134 0.182980 0 1 1666.913947
1 1099 166220 1228 284822 318 698 1478 10 21 19 38 29 272.000000 65.000000 0.378303 0.335196 0 1 2445.213320
1 1198 340245 1293 173005 625 1229 1239 16 35 34 70 34 293.000000 25.000000 0.407510 0.004014 0 1 1917.844959
1 1175 263486 1332 187425 440 1337 1115 14 56 25 103 35 299.000000 31.000000 0.415855 0.088552 0 1 2387.381113
1 938 208064 1169 158737 315 855 1209 13 33 13 28 30 310.000000 25.000000 0.431154 0.168011 0 1 8.887419
1 952 201408 1055 140882 616 1093 868 28 50 36 77 34 336.000000 23.000000 0.468619 0.112108 0 1 1631.485792
1 646 126247 764 103645 327 677 714 9 35 20 47 27 367.000000 18.000000 0.510431 0.026241 0 1 1949.410767
1 598 111359 592 83856 428 711 464 12 30 30 56 27 461.000000 11.000000 0.642061 0.207563 0 1 2106.639433
1 653 128356 566 88070 308 713 485 12 37 21 37 26 463.000000 13.000000 0.645746 0.187039 0 1 1909.492283
1 5336 3347410 4240 817156 2040 8837 711 43 131 44 162 43 181.000000 364.000000 0.252089 0.848580 0 1 74.482771
1 9790 8081123 7028 562163 595 16008 721 24 52 32 76 35 1.000000 720.000000 0.001391 0.908967 0 1 1675.259536
1 2834 442461 2853 269531 316 5036 644 6 24 16 30 25 2.000000 720.000000 0.002782 0.772288 0 1 2471.378742
1 2587 496452 3621 309487 549 5889 286 22 1022 32 59 33 9.000000 374.000000 0.012517 0.902545 0 24 6250.835802
1 2373 409230 2454 261630 341 4486 313 10 26 15 28 26 0.000000 720.000000 0.000000 0.864512 0 1 2439.076521
1 2380 449837 2474 281796 355 4514 328 20 42 16 44 32 7.000000 614.000000 0.009736 0.862382 0 1 1955.180356
1 2735 520894 2771 345580 660 5166 331 19 43 33 74 31 4.000000 524.000000 0.005563 0.878133 0 1 51.396411
1 2428 410719 2456 253507 299 4541 335 9 18 13 28 18 -1.000000 720.000000 -0.001391 0.861179 0 1 3020.439642
1 2445 430598 2491 241851 505 4655 266 15 33 31 54 27 12.000000 538.000000 0.016690 0.889181 0 1 2285.691202
1 2379 390314 2472 243731 325 4476 364 11 17 15 26 20 -1.000000 720.000000 -0.001391 0.847660 0 1 43.254696
1 2732 554003 2692 277653 522 5010 378 13 32 24 48 30 -1.000000 720.000000 -0.001391 0.853982 0 1 3304.532314
1 2515 443318 2537 255800 602 4799 241 21 44 31 69 25 -1.000000 720.000000 -0.001391 0.902217 0 1 53.035092
1 2323 497070 2472 290913 507 4455 334 18 39 21 39 30 -1.000000 720.000000 -0.001391 0.859437 0 1 2210.487016
1 996 168181 1044 73873 172 1898 133 4 11 6 12 19 12.000000 392.000000 0.029925 0.865196 0 1 4026.787389
1 2135 1084135 2480 379441 1424 3670 920 100 125 34 154 44 183.000000 46.000000 0.337638 0.595883 0 1 3367.242097
1 385 213554 382 47033 542 747 20 10 30 26 48 27 625.000000 13.000000 0.945537 0.947849 0 1 8633.533565
1 192 98060 225 87191 253 411 6 3 9 5 18 15 621.000000 6.000000 0.974882 0.971223 0 1 8703.771521
1 856 789795 683 64396 1064 1521 18 9 34 29 56 31 446.000000 12.000000 0.936975 0.976608 0 1 9089.542679
1 87 66827 93 10114 125 174 6 3 4 2 20 9 618.000000 8.000000 0.982512 0.933333 0 1 2286.568924
1 657 479608 655 81305 962 1284 28 14 32 34 81 28 632.000000 15.000000 0.929412 0.957317 0 1 9360.039964
1 556 292961 554 90587 700 1071 39 20 51 18 49 28 447.000000 13.000000 0.943038 0.929730 0 1 9356.066279
1 3398 2571482 2897 499803 3552 6207 88 44 158 86 505 64 535.000000 26.000000 0.820552 0.972041 0 1 7725.720380
1 53 10818 66 11236 64 115 4 2 6 1 12 8 562.000000 11.000000 0.974003 0.932773 0 1 6211.080378
1 2323 2617328 1249 116989 3366 3558 14 7 31 14 91 24 577.000000 12.000000 0.941272 0.992161 0 1 6702.987843
1 47 7170 78 7457 64 121 4 2 4 3 32 14 582.000000 4.000000 0.970000 0.936000 0 1 7564.733468
1 1868 2089688 581 47485 2033 2437 12 6 18 13 69 22 579.000000 5.000000 0.955446 0.990200 0 1 9425.357595
1 42 4206 75 11210 75 111 6 3 5 4 25 16 591.000000 8.000000 0.973641 0.897436 0 1 7858.252801
1 120 78659 120 13489 186 236 4 2 10 4 29 13 543.000000 6.000000 0.969643 0.966667 0 1 5995.038119
1 100 25890 126 47114 126 222 4 2 7 5 21 14 651.000000 5.000000 0.978947 0.964602 0 1 7578.156555
1 21 2434 33 4959 22 49 5 2 2 2 8 11 593.000000 6.000000 0.983416 0.814815 0 1 5820.998545
1 254 152921 302 117049 361 548 8 4 13 9 57 19 462.000000 11.000000 0.942857 0.971223 0 1 8226.721878
1 72 12988 91 10191 83 159 4 2 9 8 25 17 626.000000 2.000000 0.976599 0.950920 0 1 9526.260624
1 121 62667 159 16897 202 274 6 3 20 5 32 17 577.000000 12.000000 0.961667 0.957143 0 1 8950.911821
1 43 7212 47 4908 48 90 0 0 5 4 10 9 587.000000 4.000000 0.978333 1.000000 0 1 4394.562674
1 120 89711 119 10268 82 231 8 4 6 4 11 11 388.000000 3.000000 0.967581 0.933054 0 1 8937.491055
1 162 114360 184 31306 254 340 6 3 9 3 32 13 586.000000 10.000000 0.962233 0.965318 0 1 6546.173262
1 141 82668 137 15139 230 274 4 2 13 6 25 16 426.000000 4.000000 0.974828 0.971223 0 1 7320.718178
1 25 6352 39 3953 28 60 4 2 1 0 5 8 649.000000 5.000000 0.973013 0.875000 0 1 0.047624
1 924 839303 517 52572 1009 1425 16 8 30 19 76 23 553.000000 14.000000 0.938879 0.977793 0 1 8769.145973
1 877 710667 612 73279 1227 1467 22 11 46 33 97 24 508.000000 16.000000 0.940741 0.970450 0 1 8613.272331
1 992 674912 823 121868 1405 1783 32 16 55 41 198 35 560.000000 14.000000 0.852359 0.964738 0 1 7062.680894
1 111 42653 116 12569 155 223 4 2 11 8 34 16 585.000000 4.000000 0.975000 0.964758 0 1 7485.067369
1 222 174614 192 33470 331 408 6 3 11 5 19 12 375.000000 9.000000 0.954198 0.971014 0 1 7962.067906
1 755 341471 876 145416 800 1481 139 29 41 27 73 37 606.000000 19.000000 0.900446 0.822808 0 1 11.563651
1 6006 6710899 4990 347613 10205 10866 121 40 87 11 58 34 579.000000 13.000000 0.955446 0.977174 0 1 23.554560
1 696 518528 904 227547 1015 1427 147 8 19 7 144 34 263.000000 41.000000 0.679587 0.800000 0 1 3.064407
1 333 96940 471 65973 322 681 112 9 15 20 45 17 524.000000 17.000000 0.871880 0.707711 0 1 4.320495
1 23 6044 91 15090 22 46 60 1 2 1 2 6 661.000000 6.000000 0.955202 0.122807 0 1 0.500613
1 214 58777 287 44861 204 434 60 9 11 19 34 14 490.000000 13.000000 0.922787 0.746507 0 1 3.162281
1 246 94069 311 50777 252 482 63 7 12 16 33 11 455.000000 15.000000 0.928571 0.752244 0 1 3.452055
1 31 7626 104 11766 47 76 51 7 4 2 29 11 592.000000 17.000000 0.956381 0.185185 0 1 1.118103
1 5 867 36 6636 0 10 27 0 0 0 0 3 582.000000 6.000000 0.978151 0.414634 0 0 0.000000
1 18 2739 70 9843 10 26 57 6 2 2 3 10 595.000000 29.000000 0.956592 0.352273 0 1 0.500614
1 15 2549 71 9731 8 15 65 5 0 0 0 9 565.000000 43.000000 0.944816 0.581395 0 0 0.000000
1 10311 9135749 6411 479989 12410 16654 65 23 88 124 146 29 619.000000 36.000000 0.865734 0.992046 0 1 25.309834
1 21071 24632466 11098 683711 28896 32096 73 21 117 74 252 37 532.000000 35.000000 0.756757 0.995461 0 1 32.624806
1 22545 25875618 14550 908860 34389 37050 42 17 231 256 308 22 517.000000 22.000000 0.722067 0.997655 0 1 45.343647
1 20251 23968633 12849 701961 31519 33056 43 10 98 79 186 27 525.000000 29.000000 0.744681 0.997372 0 1 26.726407
1 15773 18375991 8994 731141 23182 24732 33 8 83 80 166 15 573.000000 27.000000 0.808181 0.997254 0 1 23.958297
1 412 123615 581 83567 370 942 49 5 44 11 50 18 586.000000 29.000000 0.844380 0.899295 0 1 7.525027
1 14900 17989854 11350 538548 14854 26192 49 15 19 32 33 22 557.000000 30.000000 0.878549 0.995924 0 1 5.477226
1 274 266063 264 35512 261 502 32 1 7 0 12 10 346.000000 10.000000 0.950549 0.873606 0 1 2.000013
1 254 90837 315 42149 239 493 71 9 12 20 24 15 347.000000 29.000000 0.894330 0.741652 0 1 3.452055
1 503 284996 506 48443 355 877 122 34 37 29 44 22 610.000000 14.000000 0.977564 0.748266 0 1 7.557136
1 95 33133 143 14990 53 138 88 11 5 3 21 15 609.000000 7.000000 0.947123 0.210084 0 1 1.414261
1 2 104 2 80 0 4 0 0 0 0 0 1 592.000000 1.000000 0.996633 1.000000 0 0 0.000000
1 2 104 2 80 0 4 0 0 0 0 0 1 592.000000 1.000000 0.996633 1.000000 0 0 0.000000
1 23 2056 25 2970 0 33 13 5 0 2 7 7 506.000000 6.000000 0.978723 0.416667 0 0 0.000000
1 2 104 3 120 0 5 0 0 0 0 0 1 450.000000 1.000000 0.995575 1.000000 0 0 0.000000
1 6580 2719379 8789 917079 3887 14937 390 92 4316 2704 423 75 98.000000 78.000000 0.184557 0.946516 0 1 2159.498632
1 4291 1714330 5783 542959 2236 9595 445 103 3063 1920 271 51 322.000000 55.000000 0.447844 0.908279 0 1 1677.007901
1 1358 911575 2347 335320 1489 3426 259 42 720 86 185 63 255.000000 49.000000 0.354659 0.854791 0 1 40.402505
1 21297 23456470 19028 1164422 27878 39849 452 92 3874 1194 387 76 174.000000 266.000000 0.242003 0.976987 0 1 1101.805450
1 876 297449 1995 282408 752 2639 226 46 739 71 212 39 260.000000 60.000000 0.363128 0.840474 0 1 34.041079
1 1378 493325 2403 393400 1005 3133 600 77 697 91 164 63 231.000000 170.000000 0.322626 0.669929 0 1 45.658778
1 8470 5737179 7722 727047 10676 15775 393 112 501 171 308 83 473.000000 101.000000 0.657858 0.949975 0 1 63.490963
1 22121 14536957 19149 1381364 38995 41096 173 32 423 141 322 58 51.000000 339.000000 0.071329 0.991592 0 1 33.967451
1 2401 1350620 2426 452118 2452 4589 220 62 134 138 138 55 627.000000 92.000000 0.880618 0.905117 0 1 31.351151
1 31629 38245155 25631 1655284 55322 57067 192 33 212 96 185 58 26.000000 580.000000 0.036313 0.993276 0 1 14.780766
1 34394 42450013 27440 1630870 61352 61753 79 11 152 10 15 25 3.000000 709.000000 0.004231 0.997412 0 1 6.140181
1 1884 1159819 1938 304899 2031 3689 133 35 204 140 146 45 495.000000 20.000000 0.690377 0.930403 0 1 27.038711
1 377 143176 612 211425 322 902 85 10 164 13 30 32 517.000000 31.000000 0.722067 0.826087 0 1 9.749335
1 136 42848 245 24755 89 335 45 3 87 7 11 22 566.000000 20.000000 0.838519 0.761155 0 1 2.857981
1 38 3920 1 40 7 39 0 0 0 0 4 1 649.000000 0.000000 0.998462 1.000000 0 0 0.000000
1 353 170095 429 39132 485 748 34 17 39 15 37 19 532.000000 16.000000 0.743017 0.913043 0 1 3168.401195
1 2831 1231942 3470 359518 2607 5381 267 130 420 130 407 126 359.000000 116.000000 0.505634 0.811617 0 1 3634.780507
1 389 90664 755 83690 433 988 152 33 126 32 121 102 545.000000 20.000000 0.759053 0.730769 0 1 3432.411930
1 55795 59718029 40187 4464394 60249 95459 510 212 928 365 1390 241 96.000000 298.000000 0.134078 0.989238 0 1 3841.114087
1 8121 6033439 8123 929864 8198 14870 365 141 663 171 820 210 229.000000 185.000000 0.319386 0.892945 0 1 3721.412870
1 3747 1773205 5078 643773 4765 8432 393 146 752 193 886 170 178.000000 85.000000 0.248257 0.910935 0 1 3878.518820
1 1010 327293 1387 218056 968 2263 134 44 178 70 248 113 373.000000 40.000000 0.520950 0.888194 0 1 3987.039253
1 627 261097 719 64382 431 1304 42 21 53 29 39 42 460.000000 24.000000 0.641562 0.937593 0 1 3671.328210
1 156 94246 174 16792 161 330 0 0 7 3 18 7 587.000000 6.000000 0.889394 1.000000 0 1 3502.417597
1 7268 6560103 6815 594469 9709 13455 232 116 345 197 433 110 450.000000 88.000000 0.641026 0.938933 0 1 4007.429433
1 533 151618 770 92040 498 1237 66 33 123 37 127 58 549.000000 26.000000 0.765690 0.898695 0 1 4398.208207
1 7780 6843688 6458 796507 10790 14092 146 73 398 174 336 87 421.000000 54.000000 0.590463 0.979491 0 1 2874.388521
1 4725 2939304 5030 1014426 5022 9685 70 35 320 141 275 87 361.000000 27.000000 0.502086 0.985648 0 1 3005.757058
1 9807 6590735 8665 1520754 9950 18412 60 30 283 135 225 72 339.000000 27.000000 0.474126 0.993504 0 1 3147.201258
1 6564 6153448 5619 608476 9866 12077 106 53 264 93 305 74 446.000000 50.000000 0.621170 0.982599 0 1 3838.936926
1 130 19657 250 30336 111 358 22 11 71 18 33 31 544.000000 18.000000 0.855346 0.884211 0 1 3138.154553
1 10670 12113836 8141 586704 18017 18737 74 37 173 123 276 46 494.000000 36.000000 0.710791 0.992132 0 1 3866.181607
1 1314 583490 1724 216545 1927 2958 80 40 288 86 293 70 513.000000 19.000000 0.718487 0.947334 0 1 3992.598171
1 9317 8675229 7166 813839 9367 16410 73 37 322 66 257 55 443.000000 43.000000 0.616134 0.991142 0 1 2620.359072
1 1484 545250 2401 309165 2056 3736 149 73 570 56 385 101 247.000000 42.000000 0.408264 0.923295 0 1 3990.345348
1 11116 10659789 9382 772099 15397 20167 330 128 771 316 848 200 323.000000 58.000000 0.449861 0.967753 0 1 3556.067398
1 1350 425566 2082 235831 1637 3212 220 76 367 113 399 148 372.000000 30.000000 0.524683 0.871795 0 1 3849.485860
1 1233 434632 1759 196915 1347 2805 187 61 297 60 240 126 383.000000 34.000000 0.542493 0.875000 0 1 3640.761066
1 430 155195 673 67576 435 1085 18 9 145 11 89 41 462.000000 18.000000 0.646154 0.967362 0 1 3323.380847
1 2081 677706 2909 372640 2424 4712 278 98 421 135 553 160 366.000000 27.000000 0.510460 0.888577 0 1 3677.411602
1 1328 452529 2011 224510 1738 3158 181 78 388 100 379 111 260.000000 29.000000 0.444444 0.891584 0 1 4410.680739
1 81 17442 122 19372 152 167 25 8 17 4 31 14 674.000000 6.000000 0.945302 0.699507 0 1 4.642962
1 66 12493 82 10836 109 117 27 11 11 2 22 11 635.000000 2.000000 0.972435 0.608108 0 1 3.162278
1 136 34957 191 27848 219 274 45 15 38 9 40 20 634.000000 6.000000 0.912230 0.700306 0 1 8.015955
1 38 6900 57 8489 69 69 20 8 7 0 14 8 521.000000 9.000000 0.964815 0.515789 0 1 2.000000
1 52 8682 72 9346 100 100 19 7 10 1 20 9 589.000000 5.000000 0.967159 0.653226 0 1 2.872281
1 40 7359 68 12072 78 78 19 5 8 0 16 9 669.000000 2.000000 0.972384 0.546296 0 1 2.291288
1 33 6715 51 9145 63 63 19 8 6 0 12 6 639.000000 5.000000 0.977064 0.523809 0 1 1.707825
1 98 21228 142 18453 146 203 31 12 18 4 25 14 603.000000 5.000000 0.920611 0.716667 0 1 4.013865
1 49 9746 67 8736 90 90 21 8 9 2 18 10 667.000000 4.000000 0.978006 0.594828 0 1 2.581989
1 34 6248 54 8947 65 65 15 5 6 1 12 7 579.000000 4.000000 0.965000 0.568182 0 1 1.707825
1 57 9376 86 13071 114 114 23 7 12 0 25 10 686.000000 4.000000 0.970297 0.636364 0 1 3.452052
1 33 6597 51 7624 60 60 17 6 6 0 12 7 641.000000 2.000000 0.977134 0.511905 0 1 1.707825
1 212 153292 260 32483 304 437 27 11 16 7 20 12 590.000000 15.000000 0.881913 0.868644 0 1 4.609772
1 54 9265 79 11608 106 106 21 8 11 0 22 10 519.000000 3.000000 0.966480 0.639098 0 1 3.162278
1 26 5361 44 7110 53 53 11 3 7 0 10 7 641.000000 2.000000 0.978626 0.600000 0 1 1.498298
1 41 7419 66 11458 81 81 19 5 8 0 17 9 624.000000 5.000000 0.968944 0.579439 0 1 2.291288
1 56 9478 77 10448 107 107 23 9 12 0 22 10 686.000000 3.000000 0.971671 0.631579 0 1 3.040239
1 46 10543 64 10095 87 87 17 6 8 1 16 9 606.000000 4.000000 0.972713 0.636364 0 1 2.291288
1 44 9236 58 8137 81 81 17 6 8 2 16 9 515.000000 2.000000 0.975379 0.627451 0 1 2.291288
1 86 17926 119 13423 170 170 27 11 20 1 34 13 589.000000 4.000000 0.965574 0.697561 0 1 5.543239
1 41 7292 66 11493 78 78 23 8 8 0 16 8 623.000000 4.000000 0.965891 0.514019 0 1 2.291288
1 45 8229 63 8703 86 86 19 7 9 0 18 9 646.000000 3.000000 0.975831 0.620370 0 1 2.581989
1 49 9344 61 6477 42 69 41 11 5 0 10 8 509.000000 5.000000 0.967681 0.254545 0 1 23209.797701
1 533 209691 690 66601 673 942 255 73 77 33 102 46 274.000000 48.000000 0.713542 0.561733 0 1 20.065738
2 94913 106281430 61844 5463499 143424 155468 1286 488 2443 969 1871 429 14.000000 720.000000 0.019471 0.983573 0 3 16068.863450
2 219530 253116194 108595 8853285 296176 321130 6129 567 2404 1336 2586 659 8.000000 720.000000 0.011127 0.960003 0 3 22348.746297
2 408343 483008381 200433 12466359 568646 603117 5650 417 2143 1653 2943 480 -1.000000 720.000000 -0.001391 0.981423 0 3 22544.207990
2 12101 5954347 11301 2289298 13206 21135 1741 296 972 449 1040 340 37.000000 218.000000 0.051460 0.828733 0 3 19633.771346
2 37193 38416390 25585 2480993 38229 60256 2410 225 758 335 863 201 86.000000 116.000000 0.119611 0.921437 0 3 19632.310301
2 5078 2914385 8541 952610 4509 10007 3553 1670 2086 195 670 202 12.000000 551.000000 0.016690 0.473897 0 3 21176.807047
2 10806 10393194 10124 949972 14841 19832 1075 671 861 214 460 188 152.000000 127.000000 0.211699 0.896178 0 3 23800.971117
2 16314 13710131 14099 2241199 19897 27640 2757 280 653 446 890 268 69.000000 275.000000 0.095967 0.818170 0 3 19320.780164
2 32537 33293608 24261 2872753 43907 51419 5348 261 795 431 744 264 54.000000 293.000000 0.075104 0.811138 0 3 19267.451353
2 128294 143842498 84368 12592602 196162 211441 1169 250 656 374 1060 231 30.000000 598.000000 0.041725 0.988761 0 3 14010.945552
2 18815 16218021 16676 3326168 24411 34559 745 177 561 269 765 186 94.000000 364.000000 0.130737 0.952749 0 3 16740.688108
2 7856 7039699 6686 788854 11117 13863 637 186 292 143 445 111 233.000000 63.000000 0.324513 0.909504 0 3 19178.591528
2 3741 2651101 3473 372749 4388 6654 559 140 276 126 343 97 202.000000 82.000000 0.282123 0.844885 0 3 22047.155561
2 16869 15554543 13942 1883095 20255 30087 721 237 805 319 905 169 165.000000 145.000000 0.230126 0.953101 0 2 15796.307061
2 16275 16294333 11088 1048015 15995 26857 503 162 363 150 263 141 192.000000 78.000000 0.267409 0.963125 0 3 21285.258028
2 111349 124194985 45386 4433517 133987 154127 1376 604 2419 1073 2725 503 23.000000 645.000000 0.031989 0.974581 0 3 12967.052863
2 166355 196173697 67814 5727351 200199 232734 976 301 2088 962 1167 306 -1.000000 720.000000 -0.001391 0.989704 0 3 13466.820800
2 177897 204085584 79527 7872723 225940 254251 1563 939 2514 1268 2314 450 -1.000000 720.000000 -0.001391 0.981602 0 3 14025.365946
2 215967 256837047 82412 6300845 284318 297156 864 334 1018 589 1607 339 0.000000 720.000000 0.000000 0.993006 0 3 14071.149001
2 149974 179597506 60392 3681969 204182 209494 578 212 529 348 610 171 4.000000 720.000000 0.005563 0.993107 0 3 11799.217265
2 81864 94344117 52778 4001089 125748 133749 871 348 1171 474 1075 280 13.000000 720.000000 0.018081 0.986899 0 3 16990.355806
2 28281 21483216 25332 3369687 28916 50726 2595 1242 3421 735 1255 375 14.000000 608.000000 0.019471 0.897749 0 4 23235.231208
2 92266 99936218 61784 4652294 123980 152709 1315 456 5130 848 2651 349 -1.000000 720.000000 -0.001391 0.982759 0 3 22384.763163
2 29570 21488528 25018 4408610 31470 53192 1394 391 2146 1080 1785 377 8.000000 611.000000 0.011127 0.948890 0 3 22064.527480
2 93302 102232556 56254 5059727 99125 148579 976 290 2295 1086 1625 238 10.000000 720.000000 0.013908 0.986941 0 3 13947.651082
2 45775 49711785 27854 2228671 54847 72834 781 209 1164 529 811 188 13.000000 720.000000 0.018081 0.978595 0 3 15659.898510
2 20098 11693371 19646 3564371 24757 38373 1365 526 2322 1055 1650 315 2.000000 720.000000 0.002782 0.931159 0 3 17644.175957
2 32154 20806880 28261 4922283 34725 58983 1370 488 2567 1587 2526 358 7.000000 535.000000 0.009736 0.953621 0 3 11015.028147
2 13184 8254400 14315 1584521 13235 26526 972 232 2662 723 1234 274 2.000000 720.000000 0.002782 0.929270 0 3 10931.918223
2 14705 10366724 15354 1999018 16766 29064 994 280 2840 539 1020 252 1.000000 720.000000 0.001391 0.933830 0 3 10651.635455
2 10971 5186221 14297 2311130 10928 24218 1026 296 2610 706 1079 270 3.000000 720.000000 0.004172 0.917841 0 3 12359.424010
2 26965 21099674 31349 4603219 30647 56322 1943 745 4187 971 2308 509 -1.000000 720.000000 -0.001391 0.932521 0 2 17978.303552
2 19597 12153577 21790 3917350 23252 40013 1361 483 2482 748 1752 420 4.000000 720.000000 0.005563 0.933916 0 2 16066.942754
2 23073 16712524 25236 4106505 31568 44721 3550 450 2451 929 1820 598 7.000000 720.000000 0.009736 0.852243 0 2 18237.933624
2 27958 14732277 34172 6988515 31924 60919 1211 438 4014 1281 2435 437 2.000000 720.000000 0.002782 0.961017 0 2 13738.518855
2 39542 26055683 38720 9575592 50448 76582 1644 641 2438 1271 2990 470 2.000000 720.000000 0.002782 0.957527 0 2 16162.362977
2 15751 7995816 16955 2824139 16668 30879 1341 474 2316 715 1770 433 3.000000 720.000000 0.004172 0.903137 0 2 18802.837997
2 410927 494789269 332677 17935696 412826 742968 585 206 1199 317 797 273 0.000000 720.000000 0.000000 0.998358 0 2 16563.904518
2 75384 85684590 65157 5486875 75766 139733 593 227 477 303 861 160 40.000000 263.000000 0.055633 0.990031 0 2 19319.608544
2 29783 31467619 14386 2607341 36504 43639 529 198 509 377 606 152 94.000000 247.000000 0.130737 0.976024 0 2 16014.746694
2 45347 41313416 36889 6007282 53089 70832 10721 706 2115 715 1645 467 12.000000 717.000000 0.016690 0.730957 0 3 14009.937995
2 135654 155565193 78215 6249141 194677 211088 2356 430 2345 893 1608 362 1.000000 720.000000 0.001391 0.975981 0 3 12683.745602
2 35244 32958431 26403 3455946 45315 59517 1988 326 1697 640 1411 317 3.000000 720.000000 0.004172 0.933200 0 3 15409.561738
2 28883 28549055 20332 2045825 38107 46367 2319 229 1397 536 1043 210 22.000000 406.000000 0.030598 0.895012 0 3 13250.240324
2 94136 96651097 47294 4132152 96435 138431 2248 288 1336 687 1191 189 12.000000 702.000000 0.016690 0.962900 0 3 12319.183754
2 12404 10074327 12121 1308202 17086 22962 1276 208 914 455 691 161 27.000000 420.000000 0.045226 0.884241 0 4 15143.945944
1 323 127393 479 49186 156 657 116 6 15 6 25 10 534.000000 12.000000 0.765043 0.674564 0 1 2.087000
1 108 22653 177 14593 68 224 50 5 7 7 31 14 575.000000 20.000000 0.911252 0.610526 0 1 2.000016
1 193 128332 250 36390 164 393 44 10 11 7 16 18 330.000000 36.000000 0.906593 0.787810 0 1 3.162282
1 1788 780066 1906 760078 1760 3619 50 3 5 10 24 13 639.000000 21.000000 0.908962 0.966161 0 1 1.720501
1 164 83028 306 86448 97 245 100 79 28 11 10 16 567.000000 10.000000 0.908654 0.308511 0 1 4.148396
1 50 8386 80 11161 39 100 24 2 1 6 10 12 557.000000 15.000000 0.968696 0.584615 0 1 0.055892
1 8 577 19 1659 5 18 5 0 0 2 5 4 384.000000 2.000000 0.987146 0.481481 0 0 0.000000
1 570 327340 643 231278 549 1176 32 5 4 9 8 11 454.000000 27.000000 0.930328 0.943116 0 1 1.118121
1 24 3373 46 3994 0 45 22 1 0 0 0 7 380.000000 18.000000 0.959596 0.328571 0 0 0.000000
1 219 29635 327 144023 196 511 24 2 3 4 5 7 494.000000 16.000000 0.932075 0.891941 0 1 0.816709
1 568 75638 976 431991 456 1355 126 13 18 7 6 14 428.000000 30.000000 0.718121 0.795984 0 1 2.408833
1 85 14876 152 80645 84 216 12 1 1 2 4 7 592.000000 14.000000 0.967320 0.860759 0 1 0.055913
1 58 13194 112 9655 52 114 32 9 28 1 11 7 352.000000 15.000000 0.902564 0.482353 0 1 1.036947
1 84 27133 189 13856 109 208 47 17 105 2 12 7 414.000000 17.000000 0.878981 0.589744 0 1 5.260420
1 30 9265 52 4056 35 53 18 4 20 0 4 4 485.000000 10.000000 0.958498 0.426829 0 1 2.434647
1 55 11883 95 8660 51 105 36 3 1 3 2 9 477.000000 24.000000 0.938976 0.460000 0 1 0.055950
1 459 76085 617 65848 440 934 90 6 1 2 2 9 356.000000 19.000000 0.624561 0.784387 0 1 0.055953
1 629 360614 688 56532 627 1193 97 4 10 7 10 10 516.000000 16.000000 0.745665 0.832194 0 1 2.727642
1 39 5380 68 5885 36 74 27 1 0 0 0 7 415.000000 9.000000 0.943182 0.439252 0 0 0.000000
1 179 24363 323 27447 177 358 112 3 2 3 3 10 545.000000 24.000000 0.802651 0.490040 0 1 0.500782
1 280 87232 573 102431 199 588 123 38 111 11 11 24 396.000000 23.000000 0.667791 0.545135 0 1 8.443234
1 128 31560 248 41966 15 246 83 9 6 6 1 11 552.000000 34.000000 0.857143 0.433511 0 1 1.707850
1 130 52542 181 38598 51 242 31 5 3 0 6 9 624.000000 10.000000 0.955590 0.678457 0 1 0.816710
1 288 137528 397 71877 158 545 62 6 6 9 17 14 568.000000 14.000000 0.872504 0.705109 0 1 1.707850
1 73 8307 133 11419 0 145 48 1 0 0 0 8 556.000000 20.000000 0.912972 0.470874 0 0 0.000000
1 77 23893 146 23235 13 128 52 4 1 1 2 8 649.000000 19.000000 0.929799 0.340807 0 1 0.056010
1 201 54501 297 41060 86 444 44 4 5 0 23 9 526.000000 17.000000 0.882550 0.803213 0 1 1.414258
1 136 40060 199 33430 34 219 48 2 1 4 11 10 534.000000 17.000000 0.892977 0.510448 0 1 0.056016
1 5767 3819893 4177 557615 6982 9497 427 132 249 183 429 68 328.000000 38.000000 0.458741 0.912108 0 1 67.117072
1 146358 170516114 72017 4473476 205578 213335 5014 215 898 895 1391 354 171.000000 239.000000 0.237830 0.953960 0 1 4563.019103
1 316923 377785309 147818 7873663 453217 459720 4998 172 1067 1252 1986 210 37.000000 388.000000 0.051460 0.978442 0 1 299.311711
1 5431 2960149 4451 1072407 5318 8656 1213 80 158 135 277 82 244.000000 64.000000 0.339833 0.753188 0 1 37.275182
1 897 355635 1033 307230 973 1518 408 25 66 38 98 42 416.000000 36.000000 0.579387 0.575130 0 1 15.540994
1 504 144018 1190 125022 781 1033 642 538 122 33 148 48 334.000000 57.000000 0.469761 0.230815 0 1 22.638343
1 733 243312 948 146927 869 1398 265 175 111 39 107 40 434.000000 29.000000 0.606145 0.674004 0 1 20.434105
1 812 346212 853 158832 862 1513 130 33 68 32 107 32 474.000000 16.000000 0.674253 0.830631 0 1 14.730039
1 634 114822 850 168774 740 1321 143 30 103 33 133 34 427.000000 15.000000 0.598039 0.793801 0 1 15.427077
1 1365 885041 1080 164618 1455 2211 221 30 51 37 101 35 463.000000 30.000000 0.648459 0.813906 0 1 11.993975
1 929 352389 953 201747 1144 1754 97 32 66 36 155 37 443.000000 16.000000 0.630156 0.880446 0 1 15.973671
1 651 194233 667 118392 723 1192 104 18 50 24 78 25 499.000000 18.000000 0.722142 0.825493 0 1 10.305261
1 704 147990 805 128810 825 1406 77 23 77 33 123 28 473.000000 14.000000 0.660614 0.880716 0 1 17.403227
1 567 65461 768 154829 693 1199 109 26 93 39 103 34 474.000000 19.000000 0.663866 0.816479 0 1 15.411074
1 1713 1363948 1151 177617 1826 2761 87 29 85 38 78 29 470.000000 12.000000 0.661972 0.933659 0 1 15.345452
1 730 233460 760 118424 954 1387 80 30 83 28 110 28 492.000000 17.000000 0.686192 0.877181 0 1 15.199376
1 487 68903 721 151410 629 1096 95 27 88 31 81 27 467.000000 29.000000 0.649513 0.828642 0 1 13.695534
1 1409 516683 1768 281767 1796 2959 199 84 225 71 212 61 344.000000 46.000000 0.479777 0.868744 0 1 35.579943
1 1658 579377 1499 287898 1629 2945 199 78 93 48 226 33 303.000000 38.000000 0.580460 0.869813 0 1 21.599680
1 8292 4254208 9038 1754498 10060 14177 3025 324 999 329 1093 178 87.000000 374.000000 0.131420 0.643508 0 1 231.493953
1 1456 376783 2680 676058 2140 3120 820 189 1136 18 365 37 231.000000 63.000000 0.321280 0.556093 0 1 145.125766
1 8728 8684280 5461 638710 8947 13494 514 143 670 22 246 42 318.000000 49.000000 0.442897 0.914793 0 1 200.668059
1 19261 16130038 12373 1958681 20133 30625 973 343 676 370 616 115 139.000000 139.000000 0.194134 0.937346 0 1 112.620883
1 16999 15251805 11375 1470839 18118 27944 420 193 388 421 723 91 231.000000 46.000000 0.322176 0.970043 0 1 101.239083
1 13256 10212883 8682 1372847 15327 21516 409 152 378 486 792 99 266.000000 43.000000 0.370990 0.962121 0 1 207.911190
1 63743 76039617 31695 1902026 63852 95235 186 71 172 296 437 48 303.000000 72.000000 0.421419 0.995924 0 1 44.977635
1 33485 39189377 16983 2436720 33518 50305 146 54 134 160 289 48 355.000000 38.000000 0.493741 0.993877 0 1 38.573529
1 8502 2577314 14495 15249099 5610 22514 470 201 306 320 526 88 332.000000 32.000000 0.461752 0.958560 0 1 77.498324
1 31192 29071609 35215 34354938 1252 66261 129 54 379 153 668 59 370.000000 39.000000 0.515320 0.995859 0 1 460.017646
1 34986 2502266 91714 128140695 1922 126510 168 51 482 84 911 54 386.000000 49.000000 0.539860 0.997174 0 1 758.437272
1 1104 313301 1467 360409 1085 1922 529 62 117 42 151 39 396.000000 25.000000 0.556962 0.541813 0 1 79.873287
1 1157 373178 1275 215560 1489 2166 229 72 132 67 191 53 383.000000 70.000000 0.540197 0.796464 0 1 29.963683
1 5794 3761850 5836 1267244 6986 10915 680 166 645 267 629 87 158.000000 116.000000 0.221599 0.880052 0 1 115.995341
1 6385 3380652 6269 1573036 6194 11684 817 175 380 167 681 79 176.000000 138.000000 0.245467 0.858780 0 1 458.694683
1 7893 4168686 8444 1642964 8423 13482 2799 204 519 418 1172 244 149.000000 114.000000 0.207232 0.653914 0 1 425.813464
1 2541 904977 2544 704570 3431 4765 293 96 223 142 351 65 292.000000 41.000000 0.406685 0.879449 0 1 52.852893
1 8309 5427328 6359 1785028 12103 14216 424 128 291 234 595 67 204.000000 100.000000 0.283727 0.940278 0 1 77.639658
1 8291 4785183 6795 1371056 8514 14500 561 183 410 284 603 82 252.000000 143.000000 0.352941 0.923969 0 1 520.491561
1 391955 475155068 315021 16279682 392144 706658 305 76 119 90 179 52 5.000000 713.000000 0.006964 0.999119 0 1 22.206124
1 82411 98905483 68049 3706242 82977 150055 371 114 163 114 269 62 296.000000 157.000000 0.412831 0.994842 0 1 43.295851
1 860 125474 1056 186658 1048 1591 281 86 111 57 142 36 405.000000 19.000000 0.564067 0.683716 0 1 30.417598
1 1626 998101 1555 209722 2440 2910 244 85 121 60 211 54 366.000000 68.000000 0.509040 0.838101 0 1 29.049978
1 735 84048 843 154783 894 1309 247 75 74 48 120 34 419.000000 29.000000 0.591808 0.673004 0 1 16.921768
1 2841 1620629 2681 1125818 4640 5246 254 93 122 79 199 45 366.000000 32.000000 0.510460 0.904020 0 1 30.731261
1 1518 1102982 1127 149185 2048 2418 208 74 58 54 136 43 399.000000 18.000000 0.626374 0.835539 0 1 14.980685
1 1883 1375090 1782 594980 2138 3544 111 36 141 51 135 57 490.000000 31.000000 0.688202 0.936698 0 1 47.725797
1 426 112169 651 391485 414 971 98 15 69 15 27 17 529.000000 17.000000 0.751420 0.810585 0 1 10.968037
1 170 57673 274 38720 140 343 91 12 54 13 15 15 581.000000 10.000000 0.820621 0.567568 0 1 152.545398
1 241 135845 334 49023 216 493 75 14 63 11 20 17 591.000000 10.000000 0.823120 0.726957 0 1 96.063447
1 15563 19084811 9170 483997 15532 24604 117 23 53 15 18 20 563.000000 23.000000 0.794076 0.990054 0 1 78.170414
1 6427 4204197 7421 796956 5624 9971 3855 562 1486 93 534 86 118.000000 161.000000 0.164804 0.441652 0 1 294.895930
1 278 89960 865 94293 114 820 302 175 360 17 36 18 453.000000 44.000000 0.651799 0.453193 0 1 151.581708
1 1697 513532 1865 332264 640 1408 2143 41 63 16 78 39 441.000000 56.000000 0.631805 0.206345 0 1 343.297722
1 1381 993485 1072 130086 1322 1789 650 17 58 26 90 34 438.000000 18.000000 0.619519 0.464329 0 1 931.392707
1 255 61281 157 38999 54 170 239 3 5 2 18 11 382.000000 12.000000 0.839560 0.167476 0 1 814.403111
1 26134 30239310 22479 1937305 26139 48183 409 139 311 128 334 117 120.000000 117.000000 0.236220 0.982741 0 1 66.542246
1 38699 46314533 28971 1712479 55379 67355 288 64 100 68 187 50 318.000000 76.000000 0.592179 0.991089 0 1 27.880810
1 12334 1281179 17781 9672053 15693 29981 124 22 137 139 329 23 4.000000 720.000000 0.005563 0.991433 0 1 33.317216
1 471 111384 595 155987 360 943 105 6 33 15 52 20 616.000000 25.000000 0.890173 0.786116 0 1 7.409075
1 245 217377 257 26916 239 473 27 10 8 6 18 16 588.000000 33.000000 0.936306 0.888446 0 1 2.291296
1 9 700 1 40 8 10 0 0 0 0 0 1 696.000000 0.000000 0.998565 1.000000 0 0 0.000000
1 1 52 4 160 0 5 0 0 0 0 0 1 650.000000 1.000000 0.993884 1.000000 0 0 0.000000
1 45 11497 84 9369 16 108 19 7 3 3 9 9 673.000000 15.000000 0.961429 0.689922 0 1 0.471697
1 1 52 5 200 0 6 0 0 0 0 0 1 679.000000 1.000000 0.992690 1.000000 0 0 0.000000
1 748 369506 1123 168063 800 1600 252 52 108 45 155 38 550.000000 56.000000 0.780142 0.720470 0 1 18.682999
1 919 262718 2015 189912 1104 2249 565 151 931 20 174 27 295.000000 87.000000 0.419034 0.573960 0 1 58.116938
1 5556 3254070 5460 1350430 5787 10868 145 61 105 243 212 39 536.000000 36.000000 0.749650 0.973402 0 1 26.921648
1 641 297603 756 116703 615 1239 140 19 46 39 94 27 569.000000 24.000000 0.819885 0.786686 0 1 10.222871
1 228 61723 283 65040 237 473 34 11 20 4 7 15 649.000000 8.000000 0.907692 0.859100 0 1 2.872282
1 738 93317 897 291916 723 1602 32 9 51 69 84 18 577.000000 17.000000 0.833815 0.960245 0 1 8.621121
1 648 154498 842 190949 523 1332 140 21 59 36 68 29 623.000000 30.000000 0.872549 0.800000 0 1 11.251046
1 4579 2954419 4757 999455 4625 9038 279 75 194 182 201 68 546.000000 45.000000 0.769014 0.938196 0 1 42.818014
1 618 123040 834 128155 420 1308 127 19 58 96 195 51 565.000000 44.000000 0.810617 0.813361 0 1 8.551585
1 5292 5299167 5345 713859 5088 10366 253 90 231 117 249 56 410.000000 100.000000 0.600293 0.950738 0 1 30.333428
1 862 406613 895 258371 769 1715 41 11 26 25 34 25 607.000000 17.000000 0.895280 0.952760 0 1 4.666385
1 348 178929 367 64519 296 692 20 8 16 27 33 17 649.000000 9.000000 0.925820 0.939860 0 1 4.293892
1 4046 2051324 4584 1364357 3982 8534 95 36 76 125 137 34 589.000000 35.000000 0.826087 0.977868 0 1 20.469862
1 12975 9045719 12612 2524061 18442 25040 546 281 576 572 1372 154 430.000000 53.000000 0.600559 0.957283 0 1 155.274308
1 164 70633 249 48939 112 343 67 15 9 15 20 21 643.000000 38.000000 0.900560 0.668281 0 1 2.981429
1 120 35957 155 20303 59 258 14 2 6 8 12 11 649.000000 5.000000 0.951613 0.887273 0 1 1.707846
1 243 102040 291 48713 162 513 18 9 10 14 23 15 611.000000 7.000000 0.918797 0.926966 0 1 2.449495
1 162 62107 188 27112 87 330 17 2 8 10 14 13 546.000000 9.000000 0.941379 0.894286 0 1 2.117644
1 3845 4447955 1580 128178 4325 5404 17 5 18 9 33 14 570.000000 16.000000 0.874233 0.992995 0 1 3.680111
1 473 226182 433 49489 580 857 47 17 15 9 15 18 636.000000 15.000000 0.923077 0.894040 0 1 2.561252
1 186 91458 202 25203 112 375 12 4 6 13 19 14 663.000000 3.000000 0.960870 0.935567 0 1 1.707846
1 98 34493 117 14206 50 204 10 6 4 4 7 8 385.000000 4.000000 0.955335 0.902326 0 1 1.118108
1 19220 20418719 13903 1585892 27056 32772 344 133 318 385 417 112 145.000000 71.000000 0.355392 0.979018 0 1 65.826045
1 870 275969 1144 207859 693 1954 57 19 52 23 91 25 541.000000 29.000000 0.759831 0.941907 0 1 13.654875
1 578 160787 883 154631 627 1315 138 25 41 34 147 36 564.000000 24.000000 0.804565 0.805613 0 1 9.355813
1 376 46460 776 232075 243 798 320 2 3 3 4 14 538.000000 51.000000 0.749304 0.414931 0 1 0.816663
1 5471 5937062 4260 342154 8717 9500 200 34 129 30 169 35 595.000000 36.000000 0.872434 0.955709 0 1 28.425755
1 197 44621 440 87023 180 447 152 4 33 12 28 21 568.000000 16.000000 0.851574 0.463108 0 1 5.492461
1 280 85442 363 57759 254 546 91 12 12 21 29 18 668.000000 22.000000 0.955651 0.707621 0 1 3.452055
1 959 444863 1605 380275 1178 2250 294 113 179 57 87 43 496.000000 52.000000 0.770186 0.762870 0 1 16.949743
1 35735 38105699 27420 2993617 53234 62758 377 209 619 479 832 137 152.000000 129.000000 0.211405 0.987744 0 1 107.166702
1 50955 61390247 34117 1573697 84312 85023 47 21 60 61 105 39 27.000000 655.000000 0.037762 0.998872 0 1 16.531653
1 48460 57481629 32522 1821455 78429 80786 188 55 184 113 264 51 135.000000 253.000000 0.187761 0.995258 0 1 39.358602
1 41090 48394743 27104 1917970 65379 68153 37 22 363 523 409 36 217.000000 110.000000 0.301808 0.998856 0 1 64.809262
1 65028 78616498 39542 2234528 102593 104414 125 44 488 1197 846 36 448.000000 127.000000 0.623088 0.997313 0 1 69.142423
1 32 3679 101 13063 20 39 90 0 0 2 3 7 621.000000 9.000000 0.953917 0.383459 0 0 0.000000
1 19 3075 73 12160 19 38 47 0 0 0 0 3 442.000000 8.000000 0.938429 0.097826 0 0 0.000000
1 506 328073 523 63626 473 945 82 21 17 25 29 19 437.000000 18.000000 0.931770 0.838678 0 1 4.898980
1 310 242364 367 42839 324 617 56 17 34 15 37 11 539.000000 26.000000 0.913559 0.828656 0 1 2.658147
1 231 73418 283 47272 220 466 43 8 10 19 24 10 653.000000 8.000000 0.970282 0.822957 0 1 2.872286
1 7 751 34 4384 0 3 37 5 0 0 0 6 446.000000 21.000000 0.959140 0.829268 0 0 0.000000
1 261 78412 361 66413 240 527 90 16 14 20 26 17 589.000000 32.000000 0.931962 0.702572 0 1 3.749832
1 27 3701 99 13733 5 49 65 2 0 3 2 9 621.000000 30.000000 0.932432 0.126984 0 0 0.000000
1 97565 117913804 47996 2695123 141721 145333 221 85 253 286 434 77 344.000000 59.000000 0.508124 0.996915 0 1 65.420236
1 31194 37746215 14919 773195 45124 46056 53 18 101 58 212 38 522.000000 23.000000 0.732118 0.997615 0 1 28.243736
1 807 250011 1048 248379 839 1831 22 11 54 42 111 20 346.000000 26.000000 0.782805 0.975202 0 1 18.114481
1 37 5097 53 3682 0 26 64 14 1 0 2 4 417.000000 5.000000 0.954233 0.422222 0 1 0.055390
1 2 152 2 152 0 0 4 0 0 0 0 1 511.000000 1.000000 0.996101 1.000000 0 0 0.000000
1 2 152 2 152 0 0 4 0 0 0 0 1 510.000000 1.000000 0.996094 1.000000 0 0 0.000000
1 4 304 5 380 0 0 9 0 0 0 0 1 540.000000 1.000000 0.990826 1.000000 0 0 0.000000
1 659 342495 895 97525 1017 1266 252 78 113 42 117 57 516.000000 35.000000 0.742446 0.652510 0 1 26.794715
1 146 98802 171 20412 270 285 20 7 19 2 35 14 613.000000 5.000000 0.923193 0.835962 0 1 4.768316
1 688 719631 517 47549 1128 1153 41 17 39 1 51 16 637.000000 7.000000 0.887187 0.922822 0 1 7.381499
1 38 6934 66 8763 78 78 17 7 7 3 18 12 667.000000 5.000000 0.969477 0.586538 0 1 2.000000
1 158 66795 198 35088 268 319 23 9 19 11 33 14 601.000000 6.000000 0.924615 0.831461 0 1 4.881419
1 47923 57734504 27713 1360307 74681 75149 455 220 370 100 500 59 218.000000 184.000000 0.322485 0.987546 0 1 86.917142
1 3202 2584555 2725 327673 4902 5441 255 104 259 33 360 35 464.000000 18.000000 0.649860 0.874979 0 1 60.173251
1 1431 478921 1629 156316 2109 2340 373 174 393 6 318 17 392.000000 25.000000 0.545961 0.642810 0 1 65.603553
1 4901 2869032 5087 392703 7768 8801 912 334 855 21 925 46 295.000000 100.000000 0.410864 0.789848 0 1 179.070804
1 6147 4887622 5357 539255 7669 11163 316 149 388 153 425 83 318.000000 49.000000 0.460870 0.942889 0 1 87.726156
1 41653 47402016 24769 1297696 64695 65365 986 230 773 123 1349 98 247.000000 137.000000 0.373676 0.969242 0 1 205.847304
1 528 325730 649 61311 670 1037 127 41 150 23 58 35 585.000000 20.000000 0.836910 0.773152 0 1 21.174110
1 0 0 7 421 0 0 1 0 0 0 0 3 618.000000 2.000000 0.990385 0.142857 0 0 0.000000
1 0 0 23 6199 0 0 12 0 0 0 0 4 641.000000 2.000000 0.981623 0.521739 0 0 0.000000
1 233 209349 266 19087 280 422 69 29 33 5 11 16 369.000000 13.000000 0.906634 0.707415 0 1 4.220724
1 1645 993724 1755 341505 3086 3156 226 27 133 45 243 16 281.000000 81.000000 0.462171 0.861765 0 1 106.958342
1 1889 1114488 1822 366785 3444 3592 101 17 129 75 286 21 404.000000 34.000000 0.563459 0.940717 0 1 109.181718
1 622 363015 802 145218 1162 1330 86 9 65 48 233 23 461.000000 25.000000 0.642957 0.873595 0 1 42.294392
1 1392 588971 1348 268831 2525 2653 84 5 115 50 241 13 471.000000 45.000000 0.657821 0.937591 0 1 116.697691
