2 119478 162598252 83437 9392053 159082 192856 9387 2567 4270 2335 4160 872 -1.000000 720.000000 -0.001391 0.904167 0 5 16469.884612
2 20728 14994068 22159 4073952 21343 32535 9536 1260 2759 626 2220 667 -1.000000 720.000000 -0.001391 0.536270 0 4 17516.572973
2 51807 42841340 50364 8065331 48631 90295 11327 1672 3693 2643 3790 791 -1.000000 720.000000 -0.001391 0.772900 0 4 15995.606156
2 49892 52051641 43194 5495907 47966 79409 12525 1519 2252 961 2362 644 -1.000000 720.000000 -0.001391 0.718518 0 4 14866.622154
2 50360 54528882 43520 4862798 50255 83672 9253 1172 1645 1096 2078 712 -1.000000 720.000000 -0.001391 0.792703 0 4 19281.040334
2 79175 85906874 68941 7307237 62034 139171 7928 1280 3257 2286 4339 850 -1.000000 720.000000 -0.001391 0.886083 0 5 15030.225050
2 92700 111404192 86705 7931045 49331 64995 113273 1977 2382 864 2431 982 -1.000000 720.000000 -0.001391 0.269101 0 4 9402.872197
2 88110 107950724 65050 7114459 87954 139399 12411 2685 2285 1402 2865 916 -1.000000 720.000000 -0.001391 0.829120 0 4 9459.044971
2 42609 38447729 39687 6075067 50471 68477 13140 2127 3730 3425 3300 1080 -1.000000 720.000000 -0.001391 0.672414 0 4 13601.664801
2 50681 68144299 42549 3640837 63965 80424 11941 2979 2264 590 2047 962 -1.000000 720.000000 -0.001391 0.734560 0 4 13812.754856
2 46667 63329012 33618 3069549 59541 69815 9755 1652 1419 383 1215 732 -1.000000 720.000000 -0.001391 0.748085 0 4 14345.432931
2 13940 10744169 16777 2304733 13398 18707 10824 1990 1198 503 1439 679 -1.000000 720.000000 -0.001391 0.256633 0 4 10037.871976
2 20757 17992677 20496 3267649 20269 26276 13463 2601 1165 459 1523 615 -1.000000 720.000000 -0.001391 0.310596 0 4 9312.088471
2 36416 44822471 26945 2873413 43493 49736 11905 2208 1259 148 1284 588 -1.000000 720.000000 -0.001391 0.597071 0 4 9784.319375
2 32940 40528768 28934 2921449 45841 52601 8552 1760 1205 313 1373 488 -1.000000 531.000000 -0.001887 0.711915 0 4 10499.995783
2 29016 31607667 27613 2962975 37277 46185 9917 2451 1421 475 1828 587 -1.000000 720.000000 -0.001391 0.640449 0 4 8816.888909
2 45251 34208943 42762 6955175 45537 75723 10485 2325 3030 1588 3838 790 -1.000000 720.000000 -0.001391 0.741231 0 4 15055.392281
2 87341 103739682 68680 9993151 109366 142593 10914 2083 2812 905 3676 867 -1.000000 720.000000 -0.001391 0.843983 0 4 14003.054749
2 60709 75159701 43510 6097604 84312 92949 10440 1743 1906 590 2192 781 -1.000000 720.000000 -0.001391 0.791689 0 4 16010.249250
2 123949 157572618 84564 16968006 159287 195437 12063 2158 3459 1938 3721 908 -1.000000 720.000000 -0.001391 0.879437 0 6 25234.477002
2 98490 125551874 65385 16295067 105157 153491 10022 1631 2453 1298 2392 816 -1.000000 720.000000 -0.001391 0.875478 0 5 17541.037438
2 18340 13595155 20230 3979104 12390 31033 7070 1316 1907 993 1942 582 -1.000000 720.000000 -0.001391 0.621286 0 5 18603.549540
2 78908 93020603 70354 8587636 69208 138985 8257 1949 3304 1793 3893 1154 -1.000000 720.000000 -0.001391 0.875829 0 5 18160.320338
2 136709 172454177 107204 12987214 92355 234529 8946 2206 4934 2275 7295 1023 -1.000000 720.000000 -0.001391 0.924850 0 5 21070.815638
2 65492 65170654 62364 11474602 68472 119815 7346 1658 4992 1933 4386 856 -1.000000 720.000000 -0.001391 0.879654 0 5 23712.628998
2 268201 340305812 248743 26285990 330836 502892 13224 2272 5966 1937 6531 1122 -1.000000 720.000000 -0.001391 0.947236 0 5 24741.347686
2 236833 310015864 214692 22623528 240374 438152 12838 2505 6482 2282 7274 1273 -1.000000 720.000000 -0.001391 0.941950 0 5 24294.413723
2 184161 236326380 131840 13676318 240668 304492 10799 2280 6633 2438 5066 1251 -1.000000 664.000000 -0.001508 0.929405 0 5 24445.119512
2 215977 281854728 150166 12466452 319369 350446 14846 2711 6075 1891 4146 1246 -1.000000 720.000000 -0.001391 0.916582 0 5 24256.680671
2 48470 42235760 47753 8052383 47301 82309 13025 2291 5977 1872 3869 1218 -1.000000 720.000000 -0.001391 0.720036 0 5 23926.642865
2 169764 225941543 149197 11571766 273328 305839 12116 2187 7058 1989 3684 1130 -1.000000 720.000000 -0.001391 0.920874 0 6 21538.350107
2 230427 325787497 186240 12470682 386357 404858 11001 1825 3715 967 2062 952 -1.000000 720.000000 -0.001391 0.945256 0 5 23609.702000
2 224530 280676437 193688 15729142 335922 358660 58695 1874 4377 1533 3419 1080 -1.000000 720.000000 -0.001391 0.717246 0 6 22439.193315
2 94757 63760649 93551 10542227 72998 96685 90542 2592 4838 1800 3245 1017 -1.000000 720.000000 -0.001391 0.032622 0 5 20595.890663
2 39285 16294168 44971 6421873 21184 44468 38587 1965 5381 1298 2935 851 -1.000000 720.000000 -0.001391 0.069799 0 5 18934.842867
2 58197 49017360 56681 9424058 45095 96856 16547 3093 4826 1795 4738 1193 -1.000000 720.000000 -0.001391 0.699081 0 7 18855.637069
2 47379 36261091 54459 8975842 47826 81149 19599 2919 6268 1606 3849 1264 -1.000000 720.000000 -0.001391 0.604391 0 6 16398.584343
2 35209 24974057 42459 6198532 37292 63646 12633 2007 6324 1167 3597 1244 -1.000000 720.000000 -0.001391 0.656808 0 6 16764.722605
2 26637 16265979 35762 5116490 28874 46352 15047 2328 4442 1369 3401 1296 -1.000000 720.000000 -0.001391 0.501691 0 5 19642.223132
2 67363 76291805 60404 5456167 70081 114861 11510 2136 5041 1439 3032 1505 -1.000000 720.000000 -0.001391 0.808902 0 4 18969.885211
2 39040 39109077 37343 4734896 37876 63451 12058 1944 3572 689 2261 941 -1.000000 720.000000 -0.001391 0.672833 0 4 18119.593658
2 22067 21177061 20886 2558166 19508 34179 7841 1703 2722 565 1390 806 -1.000000 720.000000 -0.001391 0.613182 0 4 19627.087365
2 17009 10383928 18737 3128466 17445 23995 10464 1474 1933 559 1534 751 -1.000000 720.000000 -0.001391 0.378532 0 4 18746.011887
2 9335 2933228 12238 1835889 5214 11371 8792 1068 1888 944 900 844 -1.000000 720.000000 -0.001391 0.119548 0 3 19120.852191
2 8083 1256049 10492 1843359 4476 8539 8791 1081 1544 814 865 693 -1.000000 720.000000 -0.001391 0.013567 0 3 18611.261425
2 7450 1187520 9973 1372126 4277 8407 7582 1050 1239 803 887 602 0.000000 720.000000 0.000000 0.047351 0 5 14309.250152
2 8049 2177552 9838 1420008 6767 9567 7073 1136 1045 403 989 484 0.000000 720.000000 0.000000 0.139431 0 3 16420.382890
2 12212 3548139 13851 5016501 6325 8818 15503 1177 850 147 1092 430 -1.000000 720.000000 -0.001391 0.256494 0 4 18269.939358
2 10271 2699422 11844 2548732 6261 8660 11753 1153 749 125 939 424 -1.000000 720.000000 -0.001391 0.139860 0 2 17032.430998
2 7382 2211192 9529 1053226 4653 7426 7719 1101 1126 153 922 441 -1.000000 720.000000 -0.001391 0.017326 0 2 16664.031053
2 10531 6929294 11186 1319951 9603 12294 7863 1119 966 110 1065 443 1.000000 720.000000 0.001391 0.204034 0 3 15817.804914
2 10325 3445596 11466 2066905 6067 8585 11030 1133 890 121 1060 429 -1.000000 720.000000 -0.001391 0.112202 0 3 19282.019730
2 9616 3506869 10469 1712793 6100 8374 9795 1084 658 111 835 414 0.000000 720.000000 0.000000 0.070749 0 3 17537.984251
2 10452 3059146 11815 1955730 6569 9139 10894 1095 847 133 1135 440 -1.000000 720.000000 -0.001391 0.078816 0 2 17321.826835
2 9726 2861720 10911 1852685 6576 8957 9386 1078 763 152 1112 443 0.000000 720.000000 0.000000 0.020788 0 2 18072.881389
2 12560 3799095 13849 3995586 6434 8740 15489 1076 1036 94 1025 436 -1.000000 720.000000 -0.001391 0.255557 0 3 16509.929274
2 9418 2927326 10609 1616007 5671 8048 10004 1083 854 124 999 443 -1.000000 720.000000 -0.001391 0.097668 0 3 18418.465307
2 11167 2774177 12629 2187197 5459 8120 12632 1093 942 210 1028 492 -1.000000 720.000000 -0.001391 0.189612 0 3 17536.224665
2 30104 25890426 27052 5968779 33486 43024 11802 1994 1670 649 1793 788 -1.000000 720.000000 -0.001391 0.546259 0 5 19329.488093
2 243639 340152872 142578 12620866 250573 367582 15771 1782 1808 827 2091 756 -1.000000 720.000000 -0.001391 0.910915 0 4 17060.132702
2 140576 191736490 82276 7004255 201762 207771 14507 1596 1530 322 1738 656 -1.000000 720.000000 -0.001391 0.867230 0 4 19237.130365
2 67530 80293677 54734 6081722 83506 105680 15819 1949 3404 979 2560 910 -1.000000 720.000000 -0.001391 0.734975 0 4 19021.389654
2 84152 86848168 62949 6695507 112632 139163 7503 1006 5483 972 4857 827 -1.000000 720.000000 -0.001391 0.895031 0 5 2861.932921
2 57184 56151366 44947 5717863 75194 95588 5934 801 4671 729 3146 629 -1.000000 720.000000 -0.001391 0.877833 0 4 781.282061
2 65277 61823859 57817 4915075 86868 110904 11643 832 5284 1104 3134 805 -1.000000 720.000000 -0.001391 0.806384 0 4 1545.390113
2 49211 45883993 49611 5203456 64766 93044 5366 711 4947 653 2297 560 -1.000000 720.000000 -0.001391 0.887232 0 4 3427.116743
2 43404 40598567 43364 3676615 58237 78907 7301 723 4927 679 2354 580 -1.000000 720.000000 -0.001391 0.825258 0 5 5239.738474
2 31820 25842233 31911 3365986 40708 54862 8174 620 4912 500 2379 599 -1.000000 720.000000 -0.001391 0.732579 0 4 7030.707836
2 42389 40468522 36266 4042947 52026 71279 6813 601 4742 525 2639 539 -1.000000 720.000000 -0.001391 0.819605 0 4 8844.516907
2 57704 56277992 48466 10157104 72701 98274 7287 773 5245 682 3144 654 -1.000000 720.000000 -0.001391 0.856993 0 4 10767.808456
2 108654 119705286 70749 13002123 147280 172960 5834 518 4669 625 1839 545 -1.000000 720.000000 -0.001391 0.931567 0 5 12629.442318
2 53984 54106122 41556 4042114 69490 88086 6790 552 5038 650 2349 647 -1.000000 720.000000 -0.001391 0.850911 0 5 14321.307259
2 11286 6987733 14120 1354101 8701 18579 6464 299 4265 457 1229 421 -1.000000 720.000000 -0.001391 0.476856 0 4 15796.746733
2 31388 34956776 23086 1555904 42682 49924 4231 278 3631 216 807 298 0.000000 720.000000 0.000000 0.838804 0 4 16919.138817
2 70905 82046794 50488 4871714 80063 115348 5784 683 4977 723 2747 679 -1.000000 720.000000 -0.001391 0.902556 0 5 18308.644525
2 84571 93851483 60868 7995946 62332 139043 5989 382 3814 700 1546 488 -1.000000 720.000000 -0.001391 0.914844 0 4 18957.873216
2 162366 197990272 113712 12230372 60401 269078 6712 319 4006 469 1470 551 -1.000000 720.000000 -0.001391 0.950333 0 5 17815.024008
2 232971 269552481 162169 11269036 138737 362984 31768 413 4509 1079 1920 1011 -1.000000 720.000000 -0.001391 0.838224 0 4 16326.038615
2 114059 124250260 77231 7584737 135351 167920 22004 438 4421 1164 2516 943 -1.000000 655.000000 -0.001529 0.762800 0 4 14383.042053
2 75525 74803995 56262 6988410 74255 96660 34636 349 4315 693 1867 978 -1.000000 720.000000 -0.001391 0.470638 0 5 12514.017925
2 65610 56494881 52463 10058255 90186 110522 7247 483 5873 1032 4317 1091 -1.000000 720.000000 -0.001391 0.874671 0 4 10502.711136
2 26856 16507665 29237 6977620 28871 48641 7157 311 4395 804 2123 761 -1.000000 720.000000 -0.001391 0.739558 0 3 8427.198966
2 62773 61338292 49502 8025533 63048 102183 9836 329 4227 842 1611 766 -1.000000 720.000000 -0.001391 0.822507 0 3 6820.044321
2 121823 117590838 81484 8131531 79800 103069 98548 617 5018 1238 2395 1207 -1.000000 720.000000 -0.001391 0.022237 0 3 5051.646368
2 65803 62218029 51105 5215590 77579 103511 13033 747 5741 1339 3192 1118 -1.000000 720.000000 -0.001391 0.773925 0 3 2642.411370
2 53608 52284531 42953 4542307 67302 91636 4682 426 5393 1069 2293 852 -1.000000 720.000000 -0.001391 0.900508 0 4 1388.601418
2 70370 77901437 56157 4327860 77848 121442 4828 415 4477 739 1722 709 -1.000000 720.000000 -0.001391 0.921653 0 3 1305.996159
2 42183 36983825 43622 4364096 53252 77831 7392 497 4883 898 2339 744 -1.000000 720.000000 -0.001391 0.820920 0 3 2968.369641
2 53685 49616757 44188 3874443 66612 92177 5419 632 4843 900 2834 731 -1.000000 720.000000 -0.001391 0.886434 0 3 4882.408497
2 59608 57299471 43870 3389332 63437 98178 4951 367 3853 570 1664 561 -1.000000 720.000000 -0.001391 0.900935 0 3 6556.244939
2 50566 46208476 44902 3997114 66636 89308 5594 645 4462 1215 2619 715 -1.000000 720.000000 -0.001391 0.876880 0 4 8142.183996
2 209032 234306965 169681 11820904 193822 349694 27069 619 4995 778 2742 1031 -1.000000 720.000000 -0.001391 0.851898 0 3 9937.896454
2 204683 225375805 191286 15453642 199536 329908 64544 1020 5529 1195 3758 1043 -1.000000 720.000000 -0.001391 0.670164 0 4 12470.586477
2 188925 213908657 177460 13372972 211105 307561 57404 724 4480 674 2649 752 -1.000000 720.000000 -0.001391 0.682771 0 4 14900.219126
2 217752 253084586 200960 14793587 204993 337244 80241 485 3737 447 1289 683 -1.000000 720.000000 -0.001391 0.613794 0 4 16638.055254
2 427911 497461003 281996 17379518 467835 503520 205341 492 3762 394 1534 712 -1.000000 720.000000 -0.001391 0.420025 0 4 18212.670091
2 115138 130852322 85290 6037045 119011 170648 28720 320 3287 294 1146 612 -1.000000 720.000000 -0.001391 0.708125 0 4 19145.908887
2 443927 498278648 400376 28525749 91008 790752 52252 532 4144 520 2264 995 -1.000000 720.000000 -0.001391 0.874686 0 3 17692.355473
2 431241 493292085 388189 26711663 145215 750134 68627 686 4722 611 2415 872 -1.000000 720.000000 -0.001391 0.831684 0 3 15665.499478
2 413900 479483660 374395 24339892 154900 726236 61367 627 4603 639 1993 790 -1.000000 720.000000 -0.001391 0.843427 0 3 13634.869681
2 411602 478075741 356715 22785192 270726 694336 73535 518 4492 726 2637 812 -1.000000 720.000000 -0.001391 0.808001 0 4 11684.945664
2 357133 418354434 282387 16620419 450811 610909 28185 706 5083 840 2632 818 -1.000000 720.000000 -0.001391 0.911190 0 3 9556.428471
2 121737 137611707 92460 7344137 175279 194643 19182 352 3665 481 2092 722 -1.000000 720.000000 -0.001391 0.819157 0 3 7675.384843
2 10434 4141825 22282 2776456 8147 13688 18476 155 2638 162 940 446 -1.000000 720.000000 -0.001391 0.146350 0 2 6391.199492
2 79412 88471912 57812 4170697 78464 117834 18774 176 2770 214 1352 420 -1.000000 720.000000 -0.001391 0.721885 0 2 5345.674970
2 11015 2574842 23813 2990740 10403 14829 19077 139 2467 133 1557 433 -1.000000 720.000000 -0.001391 0.121971 0 2 4267.549355
2 83928 93837529 64932 4650588 84451 127178 20832 130 2271 134 1222 394 -1.000000 720.000000 -0.001391 0.714403 0 2 3238.059113
2 93618 107602690 69417 4094692 88120 141887 19611 92 1956 103 452 394 -1.000000 720.000000 -0.001391 0.749998 0 2 2276.741909
2 132366 156822569 87494 4950115 159697 199190 19597 120 1993 108 495 419 -1.000000 720.000000 -0.001391 0.816852 0 2 1481.492973
2 8561 1816663 21888 1717288 3399 8726 20488 125 1998 134 506 399 -1.000000 720.000000 -0.001391 0.386285 0 2 689.936721
2 81847 93532454 62299 3791334 80317 122616 20560 128 1936 129 492 395 -1.000000 720.000000 -0.001391 0.708004 0 3 725.345369
2 18905 15078379 27119 1936298 18452 23362 21905 123 1885 108 419 418 -1.000000 720.000000 -0.001391 0.031657 0 2 976.410076
2 7685 886688 22861 1759263 2453 6988 22456 92 1857 98 409 392 -1.000000 720.000000 -0.001391 0.506384 0 2 1761.157228
2 89169 101733551 71473 4349644 83384 134827 24748 115 1882 96 402 407 -1.000000 720.000000 -0.001391 0.685244 0 2 2582.251274
2 130210 154327890 89661 5034586 124356 191530 27373 87 1854 122 475 444 -1.000000 720.000000 -0.001391 0.746606 0 2 3410.492913
2 76488 85663890 66091 4029112 70556 113324 28443 81 1767 81 357 425 -1.000000 720.000000 -0.001391 0.595326 0 3 4358.233421
2 17892 12075143 33701 2492323 12051 20703 30025 144 1897 108 435 476 -1.000000 720.000000 -0.001391 0.180683 0 2 5107.225590
2 8755 1122108 29006 2181887 2490 6742 30158 82 1866 75 379 454 -1.000000 720.000000 -0.001391 0.620111 0 2 6006.150007
2 75704 85357620 67122 4042090 70044 114342 27721 125 1846 93 336 446 -1.000000 720.000000 -0.001391 0.606479 0 2 6870.493965
2 77021 86309262 66680 4038258 71321 113392 29481 118 2019 118 429 466 -1.000000 720.000000 -0.001391 0.583928 0 2 7762.597812
2 82672 93915517 65008 3821805 77307 118989 28016 109 1846 99 401 454 -1.000000 720.000000 -0.001391 0.616014 0 2 8789.952313
2 76430 85331428 66139 4030642 70753 113572 28360 142 1875 120 424 463 -1.000000 720.000000 -0.001391 0.597690 0 3 9718.698210
2 76053 85313951 62329 3622971 70304 108738 29054 97 1783 100 404 468 -1.000000 720.000000 -0.001391 0.575826 0 2 10588.642748
2 11471 3591749 31478 2381153 3024 7163 34975 144 1941 104 458 560 -1.000000 720.000000 -0.001391 0.647559 0 2 11549.973234
2 104891 170661265 70264 6948783 156699 170905 4114 711 1548 835 2435 394 2.000000 720.000000 0.002782 0.952248 0 3 17415.929194
2 24211 32777000 25588 3809477 25309 47674 2112 527 1216 353 1213 313 40.000000 332.000000 0.055633 0.914918 0 2 9622.806430
2 17368 21020647 16632 2025524 17871 31751 2228 486 923 462 987 335 42.000000 356.000000 0.058414 0.868324 0 2 15355.728585
2 9738 11525032 10270 1942336 14150 17834 2056 393 691 124 450 250 47.000000 277.000000 0.065369 0.788585 0 2 12365.979207
2 18313 16869203 19577 5049512 17764 35281 2591 536 1163 451 817 375 24.000000 473.000000 0.033380 0.862761 0 2 11840.260372
2 95386 151170729 91802 7009360 174530 184526 2601 637 1357 630 1415 498 11.000000 482.000000 0.015299 0.971884 0 3 13734.578495
2 35293 49319355 34958 3357470 50217 67370 2825 521 1097 468 1061 369 29.000000 357.000000 0.040334 0.918777 0 2 9228.223959
2 44524 54670440 44623 5392046 57132 86524 2614 694 1982 694 1839 466 4.000000 720.000000 0.005563 0.941254 0 2 8581.923859
2 66808 93088125 60983 6064410 92952 124435 3344 697 1816 853 2052 514 14.000000 403.000000 0.019471 0.947571 0 2 19610.390658
2 35140 52434406 28121 2297942 51312 61269 1831 362 896 244 1128 404 3.000000 401.000000 0.007500 0.939568 0 2 19594.759201
2 63557 97210982 41842 3455312 74909 103497 1824 422 848 379 880 266 23.000000 309.000000 0.031989 0.964649 0 2 22007.608825
2 110265 175647970 73238 6610551 9951 180488 2714 470 562 405 431 240 3.000000 720.000000 0.004172 0.968780 0 2 11586.184488
2 117612 191128139 74584 6727171 18163 189947 1913 469 507 266 250 177 1.000000 720.000000 0.001391 0.978345 0 2 11647.295965
2 123170 196150843 78295 7682175 41077 199341 2078 501 714 226 447 238 6.000000 300.000000 0.008345 0.979143 0 2 12746.959895
2 161331 253031659 113909 9930930 98334 272112 2408 683 1240 839 1719 396 0.000000 720.000000 0.000000 0.979887 0 2 9881.340185
2 142249 218352505 100140 9430229 55117 238345 2533 756 1923 872 2414 456 1.000000 720.000000 0.001391 0.972866 0 2 9057.239831
2 101250 134726163 75087 18157414 107023 171239 3201 708 1782 487 1156 435 2.000000 720.000000 0.002782 0.952937 0 2 10586.021744
2 176257 217880205 147160 71024960 251708 317594 3956 912 2718 1521 3678 637 -1.000000 720.000000 -0.001391 0.969764 0 2 12420.643009
2 76282 103625126 62376 15450349 89590 135535 2358 631 1470 771 1804 465 7.000000 544.000000 0.009736 0.960471 0 2 12008.811782
2 219802 359538850 181664 12231659 314221 398956 2264 623 1162 587 1166 387 13.000000 419.000000 0.018081 0.988109 0 2 10546.472232
2 93318 137536143 58965 5672937 116383 148954 2729 587 1219 501 1054 394 23.000000 474.000000 0.031989 0.960219 0 2 7793.758572
2 21873 28720311 22562 2270140 28050 41988 2308 517 1361 734 1524 300 10.000000 720.000000 0.013908 0.892990 0 2 7116.356063
2 216819 330510507 163760 10834934 338628 377583 2430 756 2059 1472 2386 567 1.000000 720.000000 0.001391 0.985743 0 2 7386.852334
2 48077 63329259 45978 5398245 79259 91226 2449 657 1934 844 2466 437 4.000000 720.000000 0.005563 0.943884 0 2 6934.540448
2 22039 17751659 24515 9258720 27777 43991 2373 644 1529 713 2168 448 7.000000 453.000000 0.009736 0.893973 0 2 6944.501224
2 13453 14817091 13486 1897089 13373 25394 1424 556 734 326 1237 298 20.000000 452.000000 0.027816 0.889788 0 1 8334.520413
2 15938 13488684 15802 1965263 18503 29918 1762 685 1518 964 2072 372 22.000000 720.000000 0.030598 0.887083 0 2 7334.395745
2 48521 60941648 46599 5627941 48901 88286 6249 716 1833 1332 2717 461 16.000000 582.000000 0.022253 0.862458 0 1 5965.530033
2 9041 6660347 8652 1682792 8823 15952 1357 537 577 420 1383 264 28.000000 413.000000 0.038943 0.824902 0 2 21900.662508
2 4664 3516713 5913 718352 5827 9531 1040 419 439 164 885 157 86.000000 375.000000 0.119611 0.802780 0 1 7590.257156
2 7631 5946794 8986 1128073 7778 15460 1083 457 894 266 975 218 34.000000 372.000000 0.047288 0.865198 0 2 8335.176516
2 8571 6255599 10512 1208773 8633 17656 1387 569 960 481 1257 266 48.000000 280.000000 0.066759 0.852539 0 1 8735.096031
2 19254 21578928 21161 2403041 20468 38968 1419 604 1212 526 1385 331 30.000000 596.000000 0.041725 0.929086 0 2 9711.776565
2 13648 11464321 16735 2346506 17332 28834 1526 642 1473 676 1694 299 19.000000 478.000000 0.026426 0.898792 0 2 9275.333870
2 19744 11641123 30480 18877119 21114 48483 1446 555 3671 696 1473 654 32.000000 465.000000 0.044506 0.936544 0 1 7594.485452
2 118688 186475659 101498 23591091 27858 218043 1710 728 12322 979 2087 1645 -1.000000 720.000000 -0.001391 0.982501 0 3 5051.344172
2 102258 172349782 73942 8046881 13487 174105 1714 742 8187 775 1836 1525 -1.000000 720.000000 -0.001391 0.978383 0 3 9573.024230
2 180944 291221249 143146 16778821 64436 321294 2361 865 12422 980 2583 1685 -1.000000 720.000000 -0.001391 0.984088 0 2 7350.205960
2 135399 228101164 103898 9799858 18982 235728 2409 785 12354 874 2220 1763 -1.000000 720.000000 -0.001391 0.975019 0 2 6940.425409
2 195805 321111883 155100 19007831 112072 347620 2727 856 12088 1160 2426 1742 -1.000000 720.000000 -0.001391 0.982867 0 2 3516.152607
2 196094 329879607 161557 12312324 108033 355038 2051 612 12097 649 1291 1655 -1.000000 720.000000 -0.001391 0.986959 0 2 5361.533329
2 201159 340981687 184250 12860854 99499 383493 1379 557 6317 724 1170 886 11.000000 491.000000 0.015299 0.991451 0 2 2523.635396
2 127766 224701917 84458 6453510 560 210756 1017 386 33 16 81 36 46.000000 288.000000 0.063978 0.988291 0 2 25627.729602
2 124283 219915845 82539 6491074 452 205554 997 380 42 19 36 32 45.000000 196.000000 0.062587 0.989049 0 2 19477.526790
2 132117 228379928 87121 6877711 2011 218138 1059 391 59 27 82 39 63.000000 145.000000 0.087622 0.990152 0 2 20641.405334
2 122854 216300076 81135 6263433 124 203033 947 373 28 19 28 26 76.000000 92.000000 0.105702 0.990671 0 2 15839.940994
2 127437 222293843 84129 6579811 192 210618 888 369 29 22 86 21 80.000000 145.000000 0.111266 0.991322 0 3 12613.345614
2 128808 226644519 85671 6469451 151 213631 840 367 31 16 30 30 71.000000 243.000000 0.098886 0.992130 0 2 9373.159190
2 126463 218408120 83767 6512451 114 209399 827 362 28 17 30 23 61.000000 110.000000 0.084840 0.992113 0 2 9904.443034
2 128771 224117765 84573 6476749 164 212533 807 357 33 20 30 31 85.000000 136.000000 0.118220 0.992416 0 2 8196.686154
2 126044 220685836 83622 6365353 86 208739 915 363 26 17 18 24 87.000000 60.000000 0.121001 0.991215 0 3 10055.976358
2 125806 219359865 83315 6522108 129 208090 1027 384 28 21 26 23 49.000000 239.000000 0.068150 0.990159 0 2 8040.784514
2 119823 204976765 78441 5983548 134 197266 994 379 30 17 28 25 91.000000 136.000000 0.126565 0.989953 0 2 6203.725624
2 530 69432 791 63350 107 494 827 309 12 1 24 18 318.000000 39.000000 0.442281 0.252082 0 2 10189.705591
2 583 98182 890 72000 158 552 914 316 20 4 32 29 335.000000 24.000000 0.466574 0.245757 0 2 8210.430601
2 545 80577 826 75237 124 527 840 308 16 3 26 21 340.000000 15.000000 0.473538 0.228301 0 3 10655.263823
2 535 82354 751 58829 140 501 781 310 23 6 23 25 387.000000 13.000000 0.538997 0.217729 0 2 10157.832310
2 57792 88274865 61727 3354196 116109 118601 911 400 589 92 321 127 238.000000 138.000000 0.331015 0.984697 0 2 10091.941970
2 87882 119887898 58251 7270601 28454 144679 1426 619 665 487 702 164 52.000000 459.000000 0.072323 0.980292 0 2 9904.873480
2 90385 146841751 37659 3953986 117782 126590 1450 606 835 346 1019 250 29.000000 353.000000 0.040334 0.977320 0 2 20997.680418
2 29189 42995772 14583 1561123 37665 42376 1304 478 804 214 462 167 91.000000 172.000000 0.126565 0.938317 0 2 18900.477777
2 14729 15000523 12368 1656352 20147 25282 1735 694 803 267 1096 200 162.000000 67.000000 0.225313 0.868989 0 3 12875.849164
1 3457 4042063 2650 522624 4024 5955 152 50 173 61 161 17 470.000000 63.000000 0.687135 0.950221 0 1 30.613795
1 208 25036 488 70322 367 444 246 25 110 10 39 17 469.000000 12.000000 0.653203 0.284483 0 1 23.748378
1 191 18980 365 64528 360 439 117 8 80 10 49 11 498.000000 12.000000 0.714491 0.579137 0 1 17.085625
1 175 17370 203 49399 277 364 14 4 33 8 46 10 609.000000 13.000000 0.847010 0.925926 0 1 7.816185
1 187 19587 213 53265 272 350 49 4 21 9 42 10 617.000000 8.000000 0.858136 0.752500 0 1 6.055301
1 170 16765 191 43631 275 352 9 1 26 3 49 7 592.000000 8.000000 0.850575 0.950139 0 1 6.190396
1 155 16065 164 42361 230 299 20 2 16 6 35 9 611.000000 6.000000 0.879137 0.874608 0 1 4.609772
1 155 15810 179 46267 237 309 25 3 20 4 40 8 606.000000 8.000000 0.873199 0.850299 0 1 5.448624
1 133 13888 141 42555 211 269 5 2 14 1 30 5 622.000000 4.000000 0.896254 0.963504 0 1 4.031129
1 154 17588 165 45676 218 276 43 3 15 3 33 11 617.000000 6.000000 0.889049 0.730408 0 1 4.320494
1 143 16314 146 45259 224 278 11 2 14 4 31 6 622.000000 4.000000 0.896254 0.923875 0 1 4.031129
1 154 16189 175 46429 249 308 21 3 22 3 40 8 618.000000 9.000000 0.880342 0.872340 0 1 5.614510
1 138 14562 143 38729 210 264 17 2 15 3 32 8 622.000000 4.000000 0.896254 0.879004 0 1 4.320494
1 139 14533 151 40772 219 278 12 3 15 1 33 7 616.000000 5.000000 0.887608 0.917241 0 1 4.320494
1 172 19459 193 44961 261 320 45 3 20 3 44 10 623.000000 7.000000 0.872549 0.753425 0 1 5.014728
1 161 15772 175 41702 261 325 11 2 23 3 47 6 625.000000 4.000000 0.887784 0.934524 0 1 6.245755
1 143 15219 163 48824 227 284 22 3 17 2 36 9 613.000000 6.000000 0.883285 0.856209 0 1 4.898979
1 111 13280 131 32945 160 220 22 2 13 0 29 6 619.000000 6.000000 0.899709 0.818182 0 1 3.741657
1 103 36743 101 25171 114 194 10 2 6 3 12 7 622.000000 7.000000 0.917404 0.901961 0 1 1.707825
1 4434 7562543 4291 370487 7564 8668 57 10 1037 24 107 16 454.000000 43.000000 0.631433 0.986934 0 1 106.862394
1 181 21542 182 62295 283 354 9 1 19 7 39 5 622.000000 15.000000 0.886040 0.950413 0 1 5.477225
1 165 17424 184 55009 256 327 22 4 19 4 40 11 582.000000 8.000000 0.862222 0.873926 0 1 5.477225
1 165 16108 195 44661 264 335 25 4 23 4 45 9 587.000000 9.000000 0.869630 0.861111 0 1 6.212372
1 162 15942 223 65117 309 374 11 5 41 6 46 7 598.000000 6.000000 0.843441 0.942857 0 1 7.403072
1 204 23716 244 64823 333 419 29 3 34 7 55 12 570.000000 9.000000 0.844444 0.870536 0 1 8.577400
1 6062 5932616 6465 1045025 6011 10033 2419 138 258 139 314 78 116.000000 272.000000 0.161335 0.607807 0 1 111.903050
1 6654 6601262 5488 918198 5956 11651 489 106 233 210 431 71 326.000000 70.000000 0.455307 0.919288 0 1 106.426390
1 8553 9050825 6381 852170 7331 14604 328 73 205 127 342 45 347.000000 94.000000 0.482615 0.955939 0 1 57.806960
1 3946 4046379 2804 612156 4323 6488 262 67 152 24 129 52 462.000000 87.000000 0.643454 0.922370 0 1 42.650880
1 8459 10386663 6664 687345 8345 14734 381 62 229 153 346 80 258.000000 157.000000 0.358832 0.949084 0 1 58.612276
1 876 798547 936 162677 1231 1658 154 11 109 18 99 25 406.000000 20.000000 0.566248 0.830022 0 1 25.643001
1 442 89802 698 112283 680 972 168 17 125 17 113 21 419.000000 32.000000 0.582754 0.705263 0 1 27.914269
1 328 64946 511 93280 410 734 105 4 91 15 77 18 469.000000 12.000000 0.652295 0.749702 0 1 20.519747
1 2512 1291239 3322 524633 2598 5622 212 54 867 146 406 57 294.000000 123.000000 0.409471 0.927323 0 1 117.076121
1 372 63426 951 125999 385 1153 169 10 473 23 84 29 423.000000 23.000000 0.589958 0.743764 0 1 51.734976
1 517 179811 714 227750 671 1114 117 13 103 13 113 18 430.000000 30.000000 0.598053 0.809911 0 1 24.174293
1 1694 494861 2005 1720908 1218 3529 170 23 143 40 171 29 243.000000 113.000000 0.337969 0.908083 0 1 36.888751
1 359 52050 545 92824 429 802 102 3 82 12 93 19 452.000000 19.000000 0.628651 0.774336 0 1 17.898218
1 316 57342 470 88285 416 689 97 6 73 7 84 17 478.000000 14.000000 0.666667 0.753181 0 1 17.915493
1 342 51200 493 84656 425 696 139 9 72 10 74 20 464.000000 24.000000 0.645341 0.667066 0 1 17.464492
1 1408 1650919 1042 129968 1511 2348 102 6 73 8 71 20 485.000000 13.000000 0.678322 0.916735 0 1 17.113038
1 2914 4228956 2153 217016 2986 4974 93 4 73 10 43 14 498.000000 31.000000 0.695531 0.963292 0 1 16.361280
1 327 64934 446 95151 319 669 104 4 52 14 55 16 539.000000 9.000000 0.755961 0.730919 0 1 14.020629
1 802 786466 842 117691 859 1551 93 4 60 14 66 19 542.000000 12.000000 0.753825 0.886861 0 1 14.036253
1 311 46924 412 84887 329 599 124 4 44 13 56 17 533.000000 13.000000 0.742340 0.656985 0 1 12.500826
1 290 45542 421 86308 321 614 97 3 55 12 61 14 532.000000 14.000000 0.740947 0.727145 0 1 12.396880
1 377 146261 461 87446 476 740 98 7 47 13 54 15 548.000000 14.000000 0.765363 0.766110 0 1 12.329672
1 330 62102 423 87643 290 662 91 5 46 10 46 13 545.000000 11.000000 0.765449 0.758300 0 1 18.246695
1 306 52015 401 76694 353 603 104 2 27 15 69 16 565.000000 9.000000 0.791317 0.705799 0 1 10.944303
1 412 87503 487 101176 335 799 100 5 37 9 65 17 542.000000 11.000000 0.768794 0.777531 0 1 18.044908
1 321 65242 448 83184 336 666 103 6 44 11 72 13 540.000000 26.000000 0.751043 0.732120 0 1 14.967233
1 294 47001 368 73554 310 574 88 3 26 13 56 13 555.000000 11.000000 0.775140 0.734139 0 1 12.444254
1 387 107958 457 95128 316 744 100 7 29 12 53 15 540.000000 9.000000 0.763791 0.763033 0 1 17.821482
1 318 61871 436 89898 368 635 119 7 31 12 67 14 523.000000 15.000000 0.739745 0.684350 0 1 11.883408
1 302 44217 386 78853 346 593 95 5 31 8 59 16 542.000000 11.000000 0.766620 0.723837 0 1 11.856583
1 291 46436 395 77649 324 583 103 6 32 11 58 14 526.000000 15.000000 0.742938 0.699708 0 1 13.221668
1 298 49175 379 81832 350 579 98 8 27 12 52 14 551.000000 10.000000 0.768480 0.710487 0 1 10.551461
1 373 72941 478 107405 324 757 93 6 49 23 78 16 519.000000 27.000000 0.732017 0.780259 0 1 22.206801
1 429 101078 554 101963 496 855 127 11 63 30 83 20 522.000000 16.000000 0.726008 0.740590 0 1 17.116779
1 349 56244 433 81973 366 658 124 8 34 13 73 18 525.000000 9.000000 0.733240 0.682864 0 1 12.873217
1 300 47440 421 82873 329 603 118 7 33 8 66 17 520.000000 12.000000 0.730337 0.672677 0 1 14.264007
1 2082 1360747 2297 355443 1553 4192 187 45 486 77 163 64 398.000000 43.000000 0.553547 0.914592 0 1 65.833246
1 2869 938680 9688 11327201 2490 5070 7487 41 188 118 518 52 53.000000 377.000000 0.073713 0.192482 0 1 43.100357
1 2871 2418093 3429 1993011 3530 6166 124 31 167 113 516 30 86.000000 326.000000 0.119611 0.959048 0 1 40.349692
1 2088 752044 2659 1913871 2118 4652 84 10 133 106 475 23 58.000000 600.000000 0.080668 0.962292 0 1 33.176286
1 2104 728338 2812 1921721 2166 4810 96 21 237 135 487 33 72.000000 195.000000 0.100279 0.958910 0 1 45.865098
1 2513 858635 3314 1962574 2858 5676 141 43 312 152 567 47 64.000000 308.000000 0.089013 0.949888 0 1 60.193078
1 5143 3851386 6221 3179864 4149 7279 4020 75 658 236 602 184 39.000000 362.000000 0.054242 0.286783 0 1 100.345668
1 2361 761642 3930 1984093 2062 5772 481 10 944 305 485 291 18.000000 720.000000 0.025035 0.841043 0 1 110.404811
1 5058 4566510 5670 2092974 5993 9582 1132 42 973 328 596 312 23.000000 631.000000 0.031989 0.787658 0 1 119.769615
1 5531 5999796 6458 2164509 7414 10890 1059 64 877 343 555 322 19.000000 551.000000 0.026426 0.820002 0 1 113.586883
1 2597 841792 3911 2069062 2228 5756 737 50 922 302 502 305 14.000000 720.000000 0.019471 0.771205 0 1 113.081898
1 2260 770872 3324 1910035 2015 4937 631 34 604 256 508 225 33.000000 427.000000 0.045897 0.771132 0 1 75.664248
1 1928 776970 2607 1946921 1910 4407 116 14 89 90 447 17 81.000000 126.000000 0.112656 0.946196 0 1 27.124117
1 1582 575395 2157 1749690 1650 3641 88 18 89 84 461 24 128.000000 157.000000 0.178025 0.950254 0 1 26.265876
1 1552 600929 2101 1707917 1622 3541 101 23 88 84 450 27 109.000000 166.000000 0.151811 0.941692 0 1 25.759133
1 1642 566759 2214 1760410 1667 3755 91 15 101 77 465 17 101.000000 318.000000 0.140473 0.950207 0 1 28.645862
1 4086 4963772 4429 2000808 6125 8361 154 41 150 98 528 39 100.000000 321.000000 0.139082 0.963829 0 1 40.377331
1 3872 3793477 4112 1803532 3766 7782 191 20 277 118 474 40 98.000000 244.000000 0.136300 0.950777 0 1 52.942370
1 4238 3253495 4788 1449271 3454 8283 731 81 541 175 693 73 85.000000 158.000000 0.118220 0.836694 0 1 125.367688
1 1578 1433777 2072 1035148 2033 3558 82 10 88 107 492 27 164.000000 83.000000 0.228095 0.952329 0 1 26.795936
1 1187 495709 1820 1040709 1338 2882 115 29 111 76 471 21 168.000000 126.000000 0.233658 0.920186 0 1 29.780394
1 1213 485766 1853 1060315 1333 2951 115 35 108 91 497 30 174.000000 71.000000 0.242003 0.924984 0 1 34.541543
1 913 338641 1562 981094 930 2389 75 6 77 79 453 15 182.000000 91.000000 0.253129 0.934950 0 1 22.362286
1 5199 2885929 4769 3082244 4995 9740 218 46 477 116 537 49 102.000000 182.000000 0.141864 0.955257 0 1 84.077436
1 6853 6499439 6903 2139097 5700 13391 353 70 710 202 655 76 66.000000 380.000000 0.091794 0.947805 0 1 155.426843
1 8417 6310674 9610 2975202 7599 17584 433 114 1260 430 1081 95 20.000000 367.000000 0.027816 0.951406 0 1 263.400450
1 3244 1571150 3879 2359758 3625 6962 161 41 248 149 594 67 66.000000 272.000000 0.091794 0.954794 0 1 51.815826
1 2385 973808 3098 2244529 2372 5388 85 17 124 110 433 22 73.000000 306.000000 0.101671 0.967171 0 1 29.134274
1 2548 1538681 3128 1571042 2873 5466 199 75 170 101 542 39 103.000000 118.000000 0.143654 0.927942 0 1 46.075763
1 1755 564572 2286 1245085 1842 3910 121 27 104 107 476 30 140.000000 91.000000 0.194986 0.937639 0 1 29.876915
1 1721 586572 2326 1262369 1740 3946 91 17 118 83 483 18 132.000000 96.000000 0.183588 0.952557 0 1 33.033951
1 1935 736204 2454 1230268 2137 4224 165 52 106 104 510 36 120.000000 247.000000 0.167131 0.924812 0 1 30.535835
1 1504 611025 2134 1268977 1472 3553 75 7 89 78 445 16 148.000000 150.000000 0.206128 0.956020 0 1 27.956113
1 1496 641504 2150 1297358 1534 3545 90 14 91 98 472 18 121.000000 48.000000 0.168289 0.947614 0 1 8081.589721
1 1848 1045095 2128 1241214 1594 3457 508 29 95 86 469 35 120.000000 279.000000 0.167131 0.741700 0 1 29.301289
1 4079 3410272 3888 1653621 4000 7832 125 24 214 87 496 29 139.000000 157.000000 0.193593 0.967365 0 1 49.584907
1 6627 4540808 6781 3447714 8435 12966 440 135 710 272 801 88 60.000000 254.000000 0.083449 0.934218 0 1 145.644953
1 11291 9376896 11638 4299732 11297 22429 490 182 1084 521 1087 106 50.000000 199.000000 0.069541 0.956823 0 1 236.363633
1 6944 5804144 6972 2663443 8366 13639 267 93 645 313 846 84 91.000000 144.000000 0.126565 0.960908 0 1 156.622905
1 2714 1305180 3390 2266853 2911 5871 223 35 134 166 536 48 82.000000 315.000000 0.114047 0.925295 0 1 46.457278
1 4893 3175996 5195 1509960 4830 9793 285 57 299 266 745 55 125.000000 88.000000 0.173853 0.942506 0 1 92.086239
1 1053 190688 2332 379739 135 2816 515 9 579 203 36 43 209.000000 35.000000 0.290682 0.679764 0 1 94.384835
1 1029 196809 2254 378378 92 2770 480 13 570 196 12 40 249.000000 39.000000 0.346314 0.697533 0 1 92.674260
1 1011 186848 2241 375806 99 2745 458 5 569 195 14 34 232.000000 72.000000 0.322670 0.703260 0 1 92.142799
1 1107 214977 2359 394354 187 2866 553 24 572 200 28 47 205.000000 82.000000 0.285515 0.667340 0 1 93.327088
1 1145 242925 2447 409625 292 2975 556 23 583 211 35 55 203.000000 69.000000 0.282337 0.673441 0 1 96.380978
1 1063 195863 2282 373943 167 2840 458 9 569 198 26 37 236.000000 39.000000 0.328234 0.712108 0 1 93.657599
1 1042 194853 2238 375595 81 2772 464 13 565 197 10 33 221.000000 61.000000 0.309091 0.703659 0 1 91.685802
1 5490 6993478 5303 649216 4771 10183 560 23 675 214 218 45 187.000000 82.000000 0.260809 0.891596 0 1 122.553647
1 1335 441382 2637 429189 638 3331 592 31 595 218 83 48 193.000000 52.000000 0.268428 0.689577 0 1 100.592445
1 1208 275385 2428 405905 420 3084 492 29 591 206 42 39 223.000000 40.000000 0.310585 0.712871 0 1 99.096987
1 1081 238745 2292 379785 224 2903 425 6 567 198 27 29 228.000000 55.000000 0.317107 0.734658 0 1 92.894784
1 1057 207720 2270 383189 127 2807 483 11 565 196 10 34 236.000000 41.000000 0.328691 0.698527 0 1 92.381734
1 1152 322704 2420 411583 346 3026 498 15 587 201 43 41 221.000000 59.000000 0.307799 0.707727 0 1 96.777750
1 1080 209784 2317 384965 155 2843 511 8 568 199 30 40 253.000000 58.000000 0.352368 0.686488 0 1 93.231664
1 1869 1343546 2945 465045 1474 4160 594 52 590 219 48 55 223.000000 40.000000 0.313643 0.740756 0 1 99.742505
1 1663 531074 2938 456583 734 4028 519 25 655 264 123 43 251.000000 39.000000 0.349096 0.762660 0 1 114.420759
1 1044 200854 2398 384520 118 2945 460 14 730 199 18 34 214.000000 35.000000 0.298466 0.721964 0 1 107.892202
1 9924 9670232 10042 1497238 8346 17668 2197 170 1185 549 569 112 120.000000 204.000000 0.166898 0.774867 0 1 228.607248
1 84763 118903947 54326 4949065 113278 135978 2988 384 2005 941 1615 216 52.000000 476.000000 0.072323 0.956150 0 1 382.710804
1 3167 1122553 4832 879735 2321 6751 1158 112 907 363 360 135 124.000000 214.000000 0.172462 0.699212 0 1 150.959208
1 2270 1143127 3639 568894 1362 5265 589 30 865 327 215 66 159.000000 61.000000 0.221140 0.791335 0 1 129.923977
1 5148 4022226 6503 1045582 4156 10279 1287 122 997 419 393 107 105.000000 182.000000 0.146036 0.771779 0 1 187.880880
1 6449 3549013 6952 1115363 7396 12416 921 113 1019 424 452 94 122.000000 210.000000 0.169680 0.857772 0 1 180.871568
1 3141 2534055 4409 666623 2032 6464 1034 71 815 279 162 77 140.000000 70.000000 0.194715 0.719205 0 1 125.401284
1 1150 233969 2591 420962 295 3175 510 18 752 205 37 45 145.000000 113.000000 0.201669 0.712376 0 1 113.600729
1 1053 192103 2474 389279 153 2989 484 22 741 207 25 31 157.000000 91.000000 0.218663 0.710235 0 1 111.586430
1 1030 194108 2380 379632 115 2955 426 5 737 200 15 26 171.000000 78.000000 0.237830 0.741642 0 1 109.681386
1 1011 183459 2369 372531 93 2891 443 14 726 195 14 27 171.000000 206.000000 0.237830 0.724260 0 1 107.865309
1 1051 213907 2470 395199 122 2979 498 11 737 200 26 37 195.000000 122.000000 0.271588 0.704629 0 1 109.877113
1 1047 208688 2447 393028 172 2992 454 8 742 199 26 35 164.000000 61.000000 0.228095 0.726388 0 1 111.281967
1 1032 183360 2404 377791 125 2960 434 19 740 198 22 32 191.000000 70.000000 0.266017 0.735157 0 1 111.026092
1 1074 213873 2454 386704 126 3025 465 12 741 207 21 29 176.000000 52.000000 0.245125 0.725624 0 1 110.955289
1 999 180608 2384 375411 64 2869 463 16 727 194 12 34 159.000000 75.000000 0.221448 0.711203 0 1 107.713246
1 1151 272331 2578 432254 240 3153 527 16 749 206 25 42 166.000000 125.000000 0.231198 0.704210 0 1 112.991496
1 1772 1332693 3045 460321 1418 4234 529 36 754 209 60 53 204.000000 52.000000 0.283727 0.769151 0 1 116.415619
1 1032 187109 2416 380137 130 2958 436 8 740 198 27 32 180.000000 100.000000 0.250348 0.731439 0 1 110.681872
1 1065 203525 2478 397300 147 3000 508 19 738 204 17 35 205.000000 76.000000 0.285118 0.703359 0 1 111.544940
1 975 172962 2402 381946 48 2845 490 26 724 192 9 33 192.000000 72.000000 0.267038 0.697365 0 1 107.893504
1 7353 5020248 8426 1387189 6941 11697 3980 361 987 337 523 148 114.000000 177.000000 0.158554 0.489068 0 1 195.380377
1 1303 262050 2541 410718 274 3096 692 17 578 255 92 42 177.000000 87.000000 0.246175 0.625390 0 1 96.836406
1 1421 323610 2776 438193 292 3122 1031 23 670 211 62 42 176.000000 82.000000 0.244784 0.498213 0 1 106.574973
1 1287 244856 2501 415498 323 3061 683 19 582 208 41 54 238.000000 57.000000 0.331476 0.627772 0 1 99.876997
1 1157 202640 2223 364411 99 2762 573 10 517 199 12 37 230.000000 52.000000 0.320781 0.647633 0 1 88.600334
1 1370 269519 2396 385824 232 2867 849 16 489 206 49 41 244.000000 88.000000 0.339360 0.535847 0 1 88.447197
1 1254 242850 2332 384337 252 2928 600 14 531 204 35 45 230.000000 52.000000 0.320334 0.649191 0 1 93.062143
1 1207 230309 2272 374964 211 2862 567 16 485 206 40 36 242.000000 46.000000 0.337047 0.659672 0 1 88.362547
1 1381 282297 2471 415995 373 3096 693 27 503 223 41 45 225.000000 60.000000 0.312935 0.623832 0 1 93.570264
1 1227 218507 2270 366965 234 2941 517 12 511 204 47 47 249.000000 45.000000 0.346314 0.693166 0 1 93.426058
1 1263 252417 2344 385672 224 2942 612 22 495 208 39 47 269.000000 39.000000 0.374131 0.645966 0 1 90.266412
1 1489 484709 2505 404674 651 3320 604 34 521 212 77 52 233.000000 48.000000 0.324061 0.680020 0 1 98.604923
1 1291 244755 2321 395398 325 2994 562 25 505 215 42 48 264.000000 34.000000 0.367177 0.673311 0 1 92.835468
1 1218 236809 2202 374895 206 2886 495 13 488 207 28 40 277.000000 27.000000 0.385794 0.699123 0 1 88.955462
1 1313 292994 2374 399825 347 3090 551 25 504 224 25 46 234.000000 41.000000 0.325452 0.688636 0 1 92.668614
1 1291 281280 2349 392831 253 2975 623 19 491 216 26 44 229.000000 44.000000 0.318498 0.646154 0 1 89.193232
1 2163 1417420 2964 736861 1727 4457 617 27 511 221 58 50 234.000000 60.000000 0.325452 0.748976 0 1 94.142186
1 1291 245382 2262 378592 245 2915 590 20 497 209 28 42 244.000000 45.000000 0.339360 0.654377 0 1 90.599115
1 1257 242989 2216 372514 215 2891 537 8 489 207 28 29 264.000000 30.000000 0.367177 0.677800 0 1 89.365307
1 1253 221863 2225 367945 179 2852 587 12 495 207 20 36 291.000000 37.000000 0.404729 0.651236 0 1 89.836111
1 1452 288493 2451 416192 424 3116 722 44 495 215 44 55 251.000000 37.000000 0.349096 0.613374 0 1 91.257440
1 1381 322434 2399 400545 342 3069 666 17 495 218 45 46 235.000000 121.000000 0.326843 0.635714 0 1 90.899867
1 2417 845052 3864 697256 1466 5529 712 90 770 274 197 55 226.000000 108.000000 0.314325 0.766916 0 1 139.013580
1 1544 405206 2706 459343 597 3480 714 41 521 251 85 56 187.000000 76.000000 0.260083 0.650824 0 1 95.130140
1 47629 70200867 36950 3439364 71493 78926 5528 216 1852 515 1068 459 14.000000 649.000000 0.019471 0.867804 0 1 304.955494
1 1046 123431 3876 625629 531 1985 2932 42 1279 36 118 275 50.000000 256.000000 0.069541 0.192401 0 1 130.597150
1 1571 158282 3625 1189212 399 1056 4127 27 496 22 100 333 75.000000 554.000000 0.104312 0.591032 0 1 55.352908
1 8279 685254 10289 8009130 474 1143 17377 29 327 13 84 285 45.000000 203.000000 0.062587 0.874300 0 1 37.155700
1 20657 1559527 22548 21146327 869 1591 41587 54 356 44 133 327 10.000000 720.000000 0.013908 0.925726 0 1 48.453987
1 2013 495941 3775 1327206 663 1032 4756 18 233 21 80 278 41.000000 325.000000 0.057024 0.643400 0 1 25.552604
1 5262 374885 7113 4973003 282 666 11680 16 242 11 48 273 34.000000 319.000000 0.047288 0.890020 0 1 28.544361
1 723 58725 1166 154118 187 315 1523 14 79 11 36 264 295.000000 215.000000 0.534420 0.639492 0 1 9.696533
1 15917 13741051 16334 4991652 13778 20729 11358 250 886 207 669 360 82.000000 238.000000 0.114047 0.290565 0 1 159.058738
1 899 136270 2449 273953 504 859 2482 16 186 31 46 230 110.000000 359.000000 0.152990 0.484767 0 1 24.917050
1 2197 246942 4086 1328789 642 1012 5218 23 211 30 96 305 44.000000 715.000000 0.061196 0.669425 0 1 27.306617
1 496 46621 1207 189936 244 386 1316 4 61 15 31 256 423.000000 215.000000 0.593268 0.546095 0 1 7.512670
1 10 695 0 0 10 10 0 0 0 0 0 0 443.000000 0.000000 1.000000 1.000000 0 0 0.000000
1 3998 2947802 5651 732968 2884 5366 4156 168 263 57 187 281 113.000000 259.000000 0.157382 0.125402 0 1 54.396304
1 11965 6419162 13629 2600467 13025 21934 3655 451 1396 582 1924 362 55.000000 664.000000 0.076495 0.714191 0 1 284.604546
1 6646 3079638 9402 2142869 5819 12021 4022 125 1640 242 913 370 18.000000 720.000000 0.025035 0.498442 0 1 233.825215
1 7844 3105648 10884 3817928 5024 11141 7582 147 1622 302 927 379 13.000000 720.000000 0.018081 0.190036 0 1 225.799986
1 12287 9001300 15465 2197317 10732 22595 5152 108 1819 515 1397 374 2.000000 720.000000 0.002782 0.628531 0 1 306.636424
1 5738 645242 8714 4850575 1163 3117 11334 123 1132 70 244 337 1.000000 720.000000 0.001391 0.568572 0 1 126.087616
1 10022 6627817 12941 2537934 10810 17576 5382 153 1744 255 1015 372 1.000000 720.000000 0.001391 0.531028 0 1 265.295191
1 823 98902 4262 495443 330 2073 2999 50 1493 30 74 338 8.000000 720.000000 0.011127 0.182104 0 1 8010.014696
1 5556 4082166 8594 1298481 5342 10189 3956 106 1679 139 594 340 5.000000 720.000000 0.006954 0.440495 0 1 214.132417
1 4847 1948058 7729 1547403 3701 7972 4599 163 1255 150 534 328 0.000000 720.000000 0.000000 0.268209 0 1 167.267933
1 6610 3737102 9666 1635134 5891 12029 4247 224 1252 222 908 372 0.000000 720.000000 0.000000 0.478127 0 1 181.870028
1 4266 1385775 7693 1590045 3721 7917 4036 89 1576 159 662 354 5.000000 720.000000 0.006954 0.324525 0 1 205.308202
1 3067 1565012 5723 891604 2288 3576 5209 91 849 63 216 314 4.000000 720.000000 0.005563 0.185779 0 1 94.411867
1 1313 129282 4065 584892 210 1243 4107 46 810 18 43 328 6.000000 717.000000 0.008345 0.532540 0 1 83.749844
1 2181 226487 4551 1216728 238 1153 5573 24 748 13 40 276 5.000000 720.000000 0.006954 0.656566 0 1 75.034419
1 16595 18717185 10443 2226693 12908 18659 8378 856 771 677 985 152 108.000000 149.000000 0.150209 0.380243 0 1 214.781957
1 2459 2152442 2541 613430 3134 4641 359 217 225 173 221 59 420.000000 41.000000 0.584145 0.856400 0 1 60.310759
1 4245 2330906 5699 1766674 5182 9217 727 496 490 478 603 64 112.000000 216.000000 0.155772 0.853781 0 1 136.496019
1 2614 1502808 3045 849526 2945 5349 307 175 287 359 317 56 217.000000 116.000000 0.301808 0.890970 0 1 81.655071
1 826 430355 1117 329485 880 1797 146 64 103 88 99 33 341.000000 27.000000 0.474930 0.849717 0 1 26.692719
1 928 457646 1222 330452 1061 1997 153 85 111 102 119 34 312.000000 41.000000 0.433936 0.857674 0 1 30.696471
1 795 376777 1042 302051 906 1672 165 108 85 99 100 25 423.000000 27.000000 0.592437 0.820359 0 1 24.412363
1 6904 5503251 7820 1785998 8013 13470 1254 865 578 561 755 70 98.000000 302.000000 0.144118 0.829666 0 1 2717.528597
1 978 334782 1097 334029 1471 2026 49 14 134 213 179 24 562.000000 23.000000 0.784916 0.952771 0 1 38.656106
1 334 297126 398 66887 441 524 189 46 21 25 26 31 637.000000 22.000000 0.916547 0.457650 0 1 13689.928679
1 160 43719 171 22310 243 274 57 19 18 15 46 23 680.000000 9.000000 0.955056 0.655589 0 1 5.188128
1 11756 12075874 9577 1740198 13275 20161 1130 591 240 266 228 58 237.000000 184.000000 0.329624 0.892092 0 1 101.108232
1 853 102582 946 174848 935 1668 131 67 18 36 20 13 380.000000 25.000000 0.528512 0.854364 0 1 24.046765
1 103972 141764450 88445 6282450 181963 188555 3714 1305 589 380 680 162 191.000000 382.000000 0.266388 0.960627 0 1 6995.241362
1 189 45521 294 37873 227 427 56 20 19 25 19 23 548.000000 16.000000 0.768583 0.768116 0 1 16486.556023
1 7719 7850960 6816 1410323 8799 13589 927 489 289 257 343 56 200.000000 103.000000 0.278164 0.871139 0 1 8247.116152
1 1682 587536 1954 366223 1827 3045 591 398 60 60 51 24 288.000000 58.000000 0.401674 0.674918 0 1 6092.917740
1 1371 214895 2024 187384 1202 2205 1190 757 52 14 15 21 211.000000 216.000000 0.293463 0.298969 0 1 8696.977288
1 4551 4002279 4992 642583 4440 8080 1450 827 324 196 169 66 10.000000 720.000000 0.013908 0.694750 0 1 8481.149073
1 12859 20235608 10173 886384 18385 22275 757 464 405 307 318 60 11.000000 720.000000 0.015299 0.934265 0 1 4548.956805
1 3663 1863166 3998 873696 3851 7118 542 311 262 274 189 49 9.000000 720.000000 0.012517 0.858374 0 1 3768.715321
1 3178 2010941 3314 361014 3895 6069 423 226 224 263 297 61 14.000000 720.000000 0.019471 0.869686 0 1 6165.618255
1 6190 6116650 5405 935812 6245 11098 497 313 295 274 198 59 11.000000 720.000000 0.015299 0.914273 0 1 4707.071151
1 10108 11206299 9201 1333739 13563 17978 1331 778 484 350 432 90 6.000000 720.000000 0.008345 0.862137 0 1 4244.975545
1 6807 4802871 6300 791907 7196 12356 744 379 379 411 433 100 12.000000 720.000000 0.016690 0.885939 0 1 4636.595568
1 4808 3898078 4930 488634 6074 8692 1046 360 298 271 300 96 12.000000 720.000000 0.016690 0.785172 0 1 5151.732441
1 9 710 10 1484 0 8 11 0 0 0 4 4 649.000000 1.000000 0.989329 0.157895 0 0 0.000000
1 18 3680 16 10455 0 22 12 0 1 0 2 3 646.000000 1.000000 0.987768 0.294118 0 1 0.003910
1 30 7254 22 14466 0 40 12 0 2 0 4 3 696.000000 2.000000 0.987234 0.538462 0 1 0.001955
1 18 3621 17 10521 0 23 12 0 1 0 2 4 613.000000 2.000000 0.985531 0.314286 0 1 0.003910
1 29 7148 22 15044 0 40 11 0 2 0 4 4 654.000000 1.000000 0.987915 0.568627 0 1 0.001955
1 65 16012 55 29980 0 101 14 0 16 0 12 4 657.000000 4.000000 0.974777 0.725000 0 1 24354.509676
1 31 6020 30 22605 0 45 16 0 3 0 6 3 702.000000 2.000000 0.983193 0.475410 0 1 0.471406
1 30 7257 22 14469 0 40 12 0 2 0 4 3 697.000000 1.000000 0.988652 0.538462 0 1 0.001955
1 42 10247 31 24083 0 63 10 0 3 0 6 4 643.000000 1.000000 0.986196 0.726027 0 1 0.001303
1 38 8440 28 21071 0 53 13 0 3 1 6 4 597.000000 2.000000 0.983526 0.606061 0 1 0.471406
1 27 6880 18 13986 0 41 4 0 2 0 4 3 644.000000 1.000000 0.993827 0.822222 0 1 0.001955
1 34 9693 24 23536 0 54 4 0 3 0 2 3 658.000000 1.000000 0.992459 0.862069 0 1 0.001303
1 5 820 6 633 0 7 4 0 0 0 3 3 498.000000 1.000000 0.994012 0.272727 0 0 0.000000
1 2 152 4 912 0 3 3 0 0 0 1 3 538.000000 1.000000 0.994455 0.000000 0 0 0.000000
1 129 35232 105 86385 0 220 9 0 21 0 20 5 688.000000 6.000000 0.971751 0.901709 0 1 27501.910289
1 4 304 4 334 0 4 4 0 0 0 2 2 597.000000 1.000000 0.995000 0.000000 0 0 0.000000
1 216 45003 212 150842 0 350 38 0 27 3 75 7 601.000000 13.000000 0.906486 0.728972 0 1 13913.485461
1 44 6842 34 16293 39 75 3 0 6 0 13 4 648.000000 2.000000 0.983308 0.923077 0 1 1915.499840
1 44 13168 31 27590 0 71 4 0 3 0 6 4 704.000000 1.000000 0.988764 0.893333 0 1 0.001303
1 29 3646 30 14105 0 23 31 10 2 1 3 5 652.000000 3.000000 0.977511 0.135593 0 1 0.001955
1 36 7546 26 14656 0 50 12 0 3 0 6 4 589.000000 1.000000 0.980033 0.612903 0 1 0.001303
1 69 14854 55 38333 0 104 18 0 8 0 16 7 699.000000 3.000000 0.972184 0.693548 0 1 0.484123
1 74 17605 48 32112 0 118 4 0 7 0 14 5 643.000000 7.000000 0.981679 0.934426 0 1 0.000559
1 13 3155 13 10667 0 22 4 0 1 0 2 4 514.000000 2.000000 0.990366 0.692308 0 1 0.003910
1 35 10263 21 17856 0 52 4 0 2 0 4 3 608.000000 3.000000 0.988618 0.857143 0 1 0.001955
1 19 6506 13 13754 0 28 4 0 1 0 0 2 705.000000 1.000000 0.995763 0.750000 0 1 0.003910
1 15 3771 11 5035 0 22 4 0 1 0 3 5 494.000000 3.000000 0.988000 0.692308 0 1 0.003910
1 20 6552 13 13754 0 29 4 0 1 0 0 2 705.000000 1.000000 0.995763 0.757576 0 1 0.003910
1 15 3771 9 4223 0 22 2 0 1 0 3 3 402.000000 3.000000 0.987715 0.833333 0 1 0.003910
1 19 6506 13 13754 0 28 4 0 1 0 0 2 705.000000 1.000000 0.995763 0.750000 0 1 0.003910
1 15 3771 11 5035 0 22 4 0 1 0 3 5 574.000000 3.000000 0.989655 0.692308 0 1 0.003910
1 23 6696 14 13802 0 33 4 0 2 0 0 2 705.000000 1.000000 0.995763 0.783784 0 1 0.001955
1 23 6696 14 13802 0 33 4 0 2 0 0 2 705.000000 1.000000 0.995763 0.783784 0 1 0.001955
1 17 3863 13 5127 0 26 4 0 1 0 5 5 543.000000 3.000000 0.987273 0.733333 0 1 0.003910
1 23 6696 14 13802 0 33 4 0 2 0 0 2 705.000000 1.000000 0.995763 0.783784 0 1 0.001955
1 104 23588 92 63876 0 174 17 0 16 2 21 6 391.000000 6.000000 0.949029 0.801020 0 1 21581.020416
1 56 9701 52 49556 0 98 10 0 6 0 8 3 699.000000 4.000000 0.987288 0.814815 0 1 2084.833186
1 64 6794 70 59279 0 122 12 0 6 0 16 7 586.000000 4.000000 0.975042 0.820895 0 1 1554.067115
1 4 408 24 3153 0 0 28 0 0 0 0 5 676.000000 2.000000 0.968481 1.000000 0 0 0.000000
1 7 714 23 2723 0 0 30 0 0 0 0 4 663.000000 3.000000 0.975000 1.000000 0 0 0.000000
1 6 612 29 3277 0 0 35 0 0 0 0 6 685.000000 3.000000 0.964789 1.000000 0 0 0.000000
1 21745 29586950 18817 9806806 16523 40085 474 213 326 36 1336 33 155.000000 326.000000 0.232384 0.976554 0 1 17704.183113
1 1497 793734 2178 659705 0 3645 30 0 11 0 20 6 216.000000 39.000000 0.300417 0.983673 0 1 0.000455
1 1158 538705 1612 474037 0 2711 59 0 20 0 40 7 314.000000 19.000000 0.437326 0.957401 0 1 0.000250
1 711 341837 1011 296421 0 1692 30 0 5 0 14 5 449.000000 20.000000 0.625348 0.965157 0 1 0.001000
1 13 1209 48 10356 0 10 51 0 1 2 0 7 683.000000 3.000000 0.961972 0.672131 0 1 0.005000
1 9 918 31 3628 0 0 40 0 0 0 0 5 669.000000 3.000000 0.966763 1.000000 0 0 0.000000
1 6 612 22 2634 0 0 28 0 0 0 0 4 679.000000 3.000000 0.974175 1.000000 0 0 0.000000
1 9 918 30 3148 0 0 39 0 0 0 0 6 624.000000 3.000000 0.962963 1.000000 0 0 0.000000
1 8 816 29 3267 0 0 37 0 0 0 0 5 659.000000 6.000000 0.967695 1.000000 0 0 0.000000
1 6 612 21 2542 0 0 27 0 0 0 0 4 689.000000 3.000000 0.975921 1.000000 0 0 0.000000
1 9 918 32 3567 0 0 41 0 0 0 0 6 651.000000 3.000000 0.961595 1.000000 0 0 0.000000
1 9 918 30 3259 0 0 39 0 0 0 0 5 666.000000 5.000000 0.966618 1.000000 0 0 0.000000
1 10 959 34 8300 0 9 35 0 1 1 0 5 607.000000 3.000000 0.971200 0.590909 0 1 0.005000
1 6 612 26 2922 0 0 32 0 0 0 0 6 643.000000 3.000000 0.966917 1.000000 0 0 0.000000
1 15 1634 75 22408 0 16 74 0 1 0 0 6 686.000000 3.000000 0.956764 0.644444 0 1 0.005000
1 19 1690 87 24713 0 23 78 0 1 0 9 6 639.000000 9.000000 0.953731 0.518868 0 1 0.005000
1 9 918 32 3386 0 0 41 0 0 0 0 6 650.000000 3.000000 0.961538 1.000000 0 0 0.000000
1 8 816 28 3191 0 0 36 0 0 0 0 5 675.000000 3.000000 0.967049 1.000000 0 0 0.000000
1 4 408 19 2497 0 0 23 0 0 0 0 4 694.000000 2.000000 0.977465 1.000000 0 0 0.000000
1 9 918 34 3719 0 0 43 0 0 0 0 6 663.000000 3.000000 0.960870 1.000000 0 0 0.000000
1 32 3013 188 61323 0 53 167 0 4 0 8 8 660.000000 7.000000 0.919220 0.518182 0 1 0.001250
1 33 2900 145 49713 0 54 124 0 5 2 6 5 585.000000 6.000000 0.945073 0.393258 0 1 0.001000
1 7 714 31 3417 0 0 38 0 0 0 0 6 688.000000 4.000000 0.966292 1.000000 0 0 0.000000
1 9 918 31 3586 0 0 40 0 0 0 0 5 670.000000 3.000000 0.965418 1.000000 0 0 0.000000
1 9 851 46 11627 0 11 44 0 1 0 2 5 663.000000 4.000000 0.969298 0.600000 0 1 0.005000
1 12 1040 57 13485 0 12 57 0 1 0 2 6 648.000000 6.000000 0.952941 0.652174 0 1 0.005000
1 5 480 24 2879 0 0 29 0 0 0 0 5 697.000000 3.000000 0.970752 1.000000 0 0 0.000000
1 6 576 21 2655 0 0 27 0 0 0 0 3 701.000000 3.000000 0.974965 1.000000 0 0 0.000000
1 5 480 28 3253 0 0 33 0 0 0 0 6 632.000000 3.000000 0.961948 1.000000 0 0 0.000000
1 11 1055 54 13282 0 11 54 0 1 0 2 6 686.000000 2.000000 0.964838 0.661538 0 1 0.005000
1 896 876679 1037 410504 399 1845 88 12 28 32 47 12 561.000000 17.000000 0.860429 0.908950 0 1 24828.905206
1 13 1221 48 9433 0 12 49 0 1 0 2 7 659.000000 3.000000 0.955072 0.606557 0 1 0.005000
1 7 714 35 6222 0 0 42 0 0 0 0 6 683.000000 3.000000 0.967422 1.000000 0 0 0.000000
1 6 612 22 2745 0 0 28 0 0 0 0 4 662.000000 3.000000 0.974963 1.000000 0 0 0.000000
1 9 918 32 3495 0 0 41 0 0 0 0 6 663.000000 3.000000 0.962264 1.000000 0 0 0.000000
1 13 1191 66 16640 0 10 69 0 1 0 2 7 691.000000 5.000000 0.963738 0.746835 0 1 0.005000
1 6 612 19 2501 0 0 25 0 0 0 0 3 665.000000 3.000000 0.977941 1.000000 0 0 0.000000
1 9 918 32 3551 0 0 41 0 0 0 0 6 599.000000 7.000000 0.959936 1.000000 0 0 0.000000
1 6 612 23 2710 0 0 29 0 0 0 0 4 653.000000 3.000000 0.971726 1.000000 0 0 0.000000
1 9 918 27 3117 0 0 36 0 0 0 0 4 694.000000 3.000000 0.970629 1.000000 0 0 0.000000
1 9 918 33 3573 0 0 42 0 0 0 0 6 676.000000 3.000000 0.961593 1.000000 0 0 0.000000
1 6 612 28 3239 0 0 34 0 0 0 0 6 691.000000 3.000000 0.966434 1.000000 0 0 0.000000
1 9 918 23 2718 0 0 32 0 0 0 0 4 697.000000 3.000000 0.976190 1.000000 0 0 0.000000
1 6 612 28 3185 0 0 34 0 0 0 0 6 655.000000 3.000000 0.964654 1.000000 0 0 0.000000
1 9 918 28 3191 0 0 37 0 0 0 0 5 678.000000 3.000000 0.967190 1.000000 0 0 0.000000
1 5 510 19 2499 0 0 24 0 0 0 0 3 676.000000 3.000000 0.976879 1.000000 0 0 0.000000
1 9 918 32 3549 0 0 41 0 0 0 0 6 688.000000 3.000000 0.962238 1.000000 0 0 0.000000
1 8 816 30 3359 0 0 38 0 0 0 0 5 656.000000 3.000000 0.964706 1.000000 0 0 0.000000
1 6 612 18 2314 0 0 24 0 0 0 0 3 615.000000 3.000000 0.977742 1.000000 0 0 0.000000
1 9 918 33 3573 0 0 42 0 0 0 0 6 688.000000 5.000000 0.962238 1.000000 0 0 0.000000
1 15 1382 66 15619 0 12 69 0 1 0 2 6 686.000000 3.000000 0.954103 0.703704 0 1 0.005000
1 5 510 19 2343 0 0 24 0 0 0 0 3 647.000000 3.000000 0.977341 1.000000 0 0 0.000000
1 15 1556 49 10760 0 13 51 0 1 1 0 7 613.000000 4.000000 0.953344 0.593750 0 1 0.005000
1 13683 17875406 10090 1672801 14093 23187 586 118 265 170 749 81 421.000000 44.000000 0.599715 0.950700 0 1 76.185928
1 6247 6736687 5335 1156228 8885 11204 378 181 333 67 662 80 514.000000 66.000000 0.714882 0.934726 0 1 94.306965
1 4782 2175034 5046 1538535 5480 9645 183 89 495 206 973 79 325.000000 73.000000 0.452017 0.962759 0 1 138.231595
1 1771 1465925 1821 335036 1883 3482 110 52 107 49 227 39 402.000000 56.000000 0.561453 0.938753 0 1 30.791762
1 342 94829 413 56241 517 653 86 32 38 11 71 35 567.000000 10.000000 0.797468 0.750993 0 1 9.571860
1 10333 7398129 10289 1271148 10679 20153 454 162 655 272 1281 95 317.000000 116.000000 0.440890 0.955242 0 1 3590.851547
1 889 397884 1075 188773 1075 1784 180 72 94 22 168 70 569.000000 30.000000 0.804809 0.816701 0 1 3104.851160
1 1904 2351056 1965 149414 3661 3813 55 26 45 25 109 36 562.000000 32.000000 0.790436 0.971310 0 1 13.453055
1 5386 6477272 4228 491628 7547 9451 163 86 316 92 560 66 514.000000 30.000000 0.715877 0.966091 0 1 836.037428
1 318 108293 355 61717 464 585 88 32 27 11 62 33 616.000000 7.000000 0.863955 0.738484 0 1 7.788881
1 341 319510 316 54675 462 632 25 12 18 7 33 22 612.000000 6.000000 0.881844 0.923896 0 1 6.289321
1 592 546417 547 68216 807 1089 50 22 37 14 82 37 586.000000 9.000000 0.826516 0.912204 0 1 9.887608
1 517 468600 443 60140 648 927 33 16 27 11 52 27 611.000000 5.000000 0.854545 0.931250 0 1 6.961978
1 2048 2692413 1226 111237 2197 3238 36 18 19 5 49 24 606.000000 13.000000 0.847552 0.978009 0 1 5.050987
1 557 381353 536 75300 698 1024 69 23 27 7 56 31 564.000000 17.000000 0.792135 0.873742 0 1 7.919520
1 675 514941 607 108705 812 1243 39 19 32 8 61 25 531.000000 21.000000 0.765130 0.939158 0 1 9.009056
1 664 626111 729 94167 975 1289 103 42 47 13 94 44 571.000000 14.000000 0.799720 0.851400 0 1 14.221968
1 11171 10044709 9544 1125884 17211 19941 774 412 612 346 1400 132 338.000000 82.000000 0.472067 0.925272 0 1 1542.660820
1 237 58458 285 39828 357 483 39 12 21 8 57 28 615.000000 8.000000 0.857741 0.850575 0 1 6.556229
1 10158 11601858 7078 987348 10509 16897 339 151 316 175 670 94 448.000000 43.000000 0.625698 0.960664 0 1 90.197277
1 13418 15381605 10786 1337636 15757 23673 531 269 890 181 1008 137 378.000000 69.000000 0.531646 0.956123 0 1 2198.495371
1 386 139564 491 106082 551 800 77 29 36 14 73 39 575.000000 16.000000 0.803073 0.824401 0 1 9.980537
1 14781 13718321 13990 2297077 23043 28011 760 395 1457 404 2431 182 404.000000 48.000000 0.563459 0.947169 0 1 360.551989
1 16285 13757109 15771 2603200 25809 31624 432 216 1624 584 3350 174 402.000000 79.000000 0.562238 0.973047 0 1 7111.801564
1 5896 4651918 5167 812877 8971 10595 467 224 423 153 873 104 500.000000 34.000000 0.695410 0.915484 0 1 119.034228
1 12642 9329045 12269 2010933 20299 24370 541 271 884 257 2098 92 254.000000 164.000000 0.353268 0.956565 0 1 247.626335
1 373 118399 464 80833 532 755 79 31 46 13 87 42 561.000000 7.000000 0.780250 0.807646 0 1 13.344781
1 3660 4557956 3318 334740 5517 6792 186 89 113 83 387 68 520.000000 13.000000 0.723227 0.946690 0 1 32.905796
1 620 265232 702 127312 801 1239 83 36 69 28 108 39 522.000000 16.000000 0.727019 0.874433 0 1 17.132396
1 2423 1211021 3045 470274 2678 5320 147 71 783 99 451 85 374.000000 35.000000 0.520167 0.946050 0 1 101.877216
1 568 253111 628 106583 720 1125 71 31 40 23 71 34 504.000000 16.000000 0.706872 0.881271 0 1 13.360015
1 516 204771 619 122150 728 1057 78 34 50 19 105 42 492.000000 12.000000 0.686192 0.862555 0 1 12.742433
1 568 244037 984 522740 660 1053 492 47 64 11 115 41 512.000000 17.000000 0.736691 0.361469 0 1 12.747003
1 2857 1494930 3162 482046 3108 5835 184 74 421 98 518 74 440.000000 78.000000 0.616246 0.938860 0 1 78.370559
1 325 157988 323 43324 454 608 39 12 18 7 38 24 595.000000 9.000000 0.831006 0.878086 0 1 6.229411
1 3938 4588779 3576 334648 6522 7445 68 29 134 28 162 40 253.000000 83.000000 0.351878 0.981767 0 1 27.131842
1 2331 2680946 2126 255224 3446 4326 130 63 88 35 151 56 334.000000 33.000000 0.464534 0.941440 0 1 24.717053
1 719 556748 816 158479 1020 1420 115 25 54 24 111 36 447.000000 35.000000 0.625175 0.850163 0 1 14.750241
1 464 125590 535 79783 669 939 60 22 41 18 97 33 500.000000 19.000000 0.696379 0.879880 0 1 12.250994
1 1920 2432415 1579 150048 2188 3438 61 25 30 5 64 28 501.000000 24.000000 0.698745 0.965133 0 1 8.796527
1 1104 1048227 943 193956 107 2002 45 4 50 18 93 12 571.000000 23.000000 0.815714 0.956033 0 1 45.307394
1 515 351620 486 98052 94 952 39 3 28 10 49 9 625.000000 23.000000 0.869263 0.912088 0 1 24.824177
1 566 281974 570 225084 118 1085 41 3 34 11 63 12 545.000000 12.000000 0.757997 0.919014 0 1 29.306694
1 482 150797 564 477205 94 998 38 3 29 9 51 9 524.000000 24.000000 0.728790 0.917782 0 1 21.813281
1 3251 2496709 2801 747670 213 5991 51 4 198 69 364 14 394.000000 127.000000 0.547983 0.981494 0 1 209.611754
1 8232 10220823 5807 1063668 90 14005 34 2 145 31 281 6 335.000000 204.000000 0.469846 0.995156 0 1 160.843597
1 620 339929 647 461811 123 1212 45 7 27 11 54 13 581.000000 17.000000 0.821782 0.921073 0 1 21.749982
1 216 47253 267 168255 98 438 35 1 20 11 32 9 619.000000 14.000000 0.875530 0.834369 0 1 12.438951
1 2224 2034196 1950 300838 112 4126 38 2 113 70 231 9 514.000000 56.000000 0.727016 0.979396 0 1 124.206757
1 188 46904 251 30862 188 350 78 9 29 20 44 18 630.000000 11.000000 0.879888 0.619590 0 1 11.494919
1 137 56869 165 36105 117 266 36 2 16 7 29 9 645.000000 18.000000 0.899582 0.761589 0 1 7.130206
1 148 42054 197 34063 117 293 42 4 23 9 34 10 648.000000 9.000000 0.901252 0.727536 0 1 14.651464
1 221 140619 243 39155 98 416 38 0 21 7 43 8 631.000000 9.000000 0.891243 0.814655 0 1 16.767720
1 188 103303 242 33632 96 380 40 3 28 13 47 9 625.000000 7.000000 0.882768 0.790698 0 1 20.746280
1 126 12100 195 21214 158 243 67 5 26 23 40 15 631.000000 9.000000 0.892503 0.548287 0 1 14.600600
1 105 25822 142 30167 124 209 38 4 18 11 23 9 640.000000 5.000000 0.905233 0.692308 0 1 8.893748
1 2443 1677297 2511 320987 2497 4795 149 55 305 115 345 42 439.000000 34.000000 0.610570 0.937828 0 1 96.211793
1 1603 1765069 1407 311721 2279 2904 96 26 110 46 107 47 442.000000 18.000000 0.615599 0.932890 0 1 17.277808
1 11802 16749228 9482 1211944 17637 21003 271 118 430 191 499 66 369.000000 38.000000 0.514644 0.974065 0 1 82.729960
1 16977 23423885 11597 1115422 812 28383 181 45 325 122 617 45 290.000000 57.000000 0.407303 0.986981 0 1 275.761784
1 162 55543 208 60107 111 335 35 3 20 3 45 9 618.000000 8.000000 0.876596 0.810811 0 1 11.909660
1 3119 2282453 2593 362593 90 5638 40 1 187 74 296 11 440.000000 33.000000 0.649926 0.980042 0 1 177.447827
1 3080 3072135 2670 386754 1571 5386 333 56 231 145 130 39 401.000000 25.000000 0.676223 0.878783 0 1 138.447255
1 654 127947 1148 110483 683 1734 58 13 76 75 170 35 474.000000 11.000000 0.664797 0.930078 0 1 17.421311
1 5080 4570999 4164 865723 5011 8936 288 74 192 110 326 56 475.000000 125.000000 0.664336 0.935526 0 1 56.494414
1 68667 95080105 37770 2133059 102133 105722 687 235 525 164 471 99 160.000000 408.000000 0.222531 0.986828 0 1 115.771875
1 18515 23839380 12591 896638 27474 29464 1626 138 781 99 402 102 165.000000 128.000000 0.229485 0.894940 0 1 109.606826
1 27111 32265988 18579 1578100 39147 43241 2439 209 867 271 864 123 153.000000 201.000000 0.213092 0.893018 0 1 167.819054
1 3774 2196296 4712 480179 4975 5912 2558 103 632 129 586 102 299.000000 88.000000 0.418768 0.395239 0 1 108.388071
1 5555 3466964 5166 672883 5570 7597 3120 153 429 132 393 101 386.000000 61.000000 0.536857 0.417592 0 1 143.572500
1 5648 4956094 5293 708641 7629 9081 1842 123 329 93 519 89 304.000000 84.000000 0.422809 0.661640 0 1 190.877516
1 2750 1482772 2832 597107 3321 3467 2099 85 144 27 259 55 495.000000 59.000000 0.689415 0.245073 0 1 121.302930
1 724 494988 727 79194 1064 1175 266 20 45 20 106 31 572.000000 14.000000 0.800000 0.626464 0 1 20.889763
1 4401 2648829 4239 474219 5099 5338 3292 123 222 37 408 62 452.000000 29.000000 0.629526 0.236806 0 1 183.125849
1 6296 3932410 5980 689654 7460 7678 4598 102 326 47 618 50 488.000000 68.000000 0.686357 0.250896 0 1 296.466945
1 6569 4402194 6424 719377 7594 7821 5162 152 325 70 532 73 384.000000 58.000000 0.534075 0.204649 0 1 290.759561
1 8494 5290262 8233 885809 10031 10294 6423 181 398 81 653 71 320.000000 64.000000 0.445063 0.231422 0 1 372.758206
1 6719 4359451 6775 745351 8366 8739 4745 172 337 59 648 68 297.000000 58.000000 0.413649 0.295983 0 1 304.940201
1 8600 5212614 8424 928669 10199 10505 6509 148 492 59 747 66 344.000000 54.000000 0.491429 0.234727 0 1 416.115019
1 8432 5504004 8124 887732 10413 10751 5805 128 473 51 831 57 304.000000 59.000000 0.441860 0.298744 0 1 440.598673
1 8291 5073389 7863 909205 9552 9858 6286 137 451 58 784 72 408.000000 28.000000 0.567455 0.221122 0 1 402.956423
1 7672 4742165 7688 892968 9200 9541 5809 141 445 46 819 60 419.000000 25.000000 0.584379 0.242969 0 1 412.159031
1 6921 3968332 7076 814709 8067 8362 5625 99 753 55 649 65 387.000000 28.000000 0.541259 0.195542 0 1 461.810486
1 6976 4012233 6871 787318 8103 8373 5464 88 602 58 685 50 397.000000 38.000000 0.552156 0.210082 0 1 456.481292
1 6290 2940808 6478 763933 6923 7254 5514 60 678 71 650 49 355.000000 53.000000 0.494429 0.136278 0 1 449.794547
1 7089 4225232 7200 811407 7643 7950 6329 99 631 87 516 63 331.000000 63.000000 0.462937 0.113444 0 1 369.019919
1 8317 4795447 7935 934357 9610 9912 6330 120 557 76 787 73 429.000000 39.000000 0.618156 0.220404 0 1 466.536023
1 8875 5364961 8578 992202 10391 10744 6699 147 487 54 898 62 417.000000 24.000000 0.587324 0.231765 0 1 445.403660
1 7682 4593153 7252 842585 9053 9342 5581 118 453 50 765 68 430.000000 28.000000 0.598053 0.251841 0 1 401.144458
1 7280 4541205 7206 822631 8730 8987 5499 71 664 54 707 64 393.000000 32.000000 0.563037 0.240784 0 1 449.337073
1 10041 6466785 9154 1061840 11837 12163 7032 99 497 72 866 58 440.000000 26.000000 0.611961 0.267309 0 1 446.882180
1 8349 5279891 7816 903866 9855 10195 5960 113 446 55 825 61 438.000000 26.000000 0.612587 0.261986 0 1 397.544304
1 7630 4663414 7392 870993 9054 9406 5606 118 435 52 825 64 416.000000 24.000000 0.585916 0.252962 0 1 404.726573
1 8314 5317630 7743 891716 9492 9810 6237 113 442 48 684 67 438.000000 22.000000 0.609179 0.222520 0 1 354.628648
1 7542 4205334 7189 865971 8759 9113 5608 108 439 62 778 62 428.000000 25.000000 0.595271 0.237934 0 1 403.532062
1 7298 3944413 7151 858190 8490 8824 5625 114 441 56 798 72 417.000000 29.000000 0.580780 0.221399 0 1 393.197408
1 6560 3709857 6470 751181 7672 8066 4954 130 486 53 740 63 406.000000 28.000000 0.570225 0.238833 0 1 364.996701
1 6572 3836963 6534 777751 7424 7756 5340 133 404 77 590 55 370.000000 27.000000 0.516039 0.184343 0 1 325.360168
1 7344 4009517 7244 846323 8570 8837 5741 84 551 62 774 64 402.000000 29.000000 0.564607 0.212229 0 1 451.584086
1 7040 3927369 7108 852468 7594 7899 6239 140 465 99 596 104 328.000000 37.000000 0.456825 0.117331 0 1 385.492758
1 15978 17353245 13284 1152605 22749 23090 6172 86 490 65 667 102 330.000000 69.000000 0.458971 0.578156 0 1 381.406283
1 11079 11295098 10465 901313 15922 16183 5351 90 569 68 490 65 249.000000 59.000000 0.346314 0.502785 0 1 347.715978
1 6197 4264295 7126 906027 6432 12589 734 366 905 291 621 97 356.000000 135.000000 0.495822 0.889815 0 1 6495.434646
1 107 58705 137 14693 116 222 22 7 4 3 8 7 635.000000 8.000000 0.924309 0.819672 0 1 7208.961507
1 33 4729 41 5368 30 60 14 2 2 0 4 5 501.000000 5.000000 0.963462 0.621622 0 1 1.000405
1 269 43314 417 33240 0 671 15 3 1 0 0 6 633.000000 17.000000 0.885315 0.956268 0 1 0.057598
1 8832 7956688 8917 1219520 1383 17459 290 120 576 115 614 38 242.000000 138.000000 0.336579 0.967322 0 1 7144.361795
1 2403 2035839 2508 408996 465 4786 125 32 203 16 268 24 497.000000 41.000000 0.696078 0.949094 0 1 6883.296335
1 3089 3006548 2990 447018 657 5948 131 48 156 64 271 25 612.000000 24.000000 0.854749 0.956901 0 1 3567.426021
1 910 686114 1031 167679 137 1890 51 13 50 36 100 11 552.000000 13.000000 0.950086 0.947450 0 1 1938.050117
1 0 0 8 1071 0 0 8 0 0 0 0 1 672.000000 1.000000 0.988235 1.000000 0 0 0.000000
1 1 76 5 584 0 0 6 0 0 0 0 2 382.000000 1.000000 0.987080 1.000000 0 0 0.000000
1 1 76 7 838 0 0 8 0 0 0 0 2 672.000000 1.000000 0.989691 1.000000 0 0 0.000000
1 8 608 16 1471 0 0 24 0 0 0 0 2 696.000000 1.000000 0.977528 1.000000 0 0 0.000000
1 13 940 27 2365 0 4 36 0 0 0 0 6 656.000000 3.000000 0.960469 0.800000 0 0 0.000000
1 5 666 16 1321 0 0 21 3 0 0 0 7 702.000000 1.000000 0.981818 1.000000 0 0 0.000000
1 12 1558 23 1821 0 0 35 5 0 0 0 7 700.000000 2.000000 0.973574 1.000000 0 0 0.000000
1 5 380 13 1243 0 0 18 0 0 0 0 2 617.000000 1.000000 0.979365 1.000000 0 0 0.000000
1 2 152 5 533 0 0 7 0 0 0 0 2 508.000000 1.000000 0.990253 1.000000 0 0 0.000000
1 1 76 7 944 0 0 8 0 0 0 0 1 684.000000 1.000000 0.989870 1.000000 0 0 0.000000
1 9546 12289431 7771 1443597 560 17234 83 27 127 13 130 17 337.000000 67.000000 0.468707 0.990414 0 1 7316.767804
1 8787 13121420 5376 309324 0 14153 10 0 0 0 2 3 636.000000 73.000000 0.888268 0.998588 0 0 0.000000
1 6556 8887612 4995 824963 247 11499 52 8 64 0 83 11 483.000000 57.000000 0.713442 0.990996 0 1 6828.220354
1 5 380 18 1519 0 0 23 0 0 0 0 5 699.000000 1.000000 0.974895 1.000000 0 0 0.000000
1 292 69264 441 33817 0 709 24 5 0 0 0 8 587.000000 20.000000 0.816412 0.934516 0 0 0.000000
1 525 85900 812 65736 0 1320 17 3 0 0 0 7 513.000000 32.000000 0.731812 0.974570 0 0 0.000000
1 523 116608 861 65754 0 1357 27 0 0 0 0 4 536.000000 29.000000 0.771223 0.960983 0 0 0.000000
1 544 167180 701 67050 31 1204 41 6 13 1 0 10 569.000000 24.000000 0.812857 0.934137 0 1 6072.929434
1 8794 13688363 6607 834945 284 15326 75 12 99 10 128 17 491.000000 42.000000 0.692525 0.990260 0 1 9002.036594
1 3443 4149227 2927 647276 243 6295 75 17 59 4 61 14 565.000000 28.000000 0.809456 0.976452 0 1 7607.042543
1 4 750 11 992 0 0 15 3 0 0 0 5 534.000000 1.000000 0.985240 1.000000 0 0 0.000000
1 6277 9585608 4796 694816 223 10997 76 16 54 6 69 14 568.000000 56.000000 0.809117 0.986273 0 1 5536.404359
1 3 228 6 609 0 0 9 0 0 0 0 2 704.000000 1.000000 0.991549 1.000000 0 0 0.000000
1 7 532 12 1225 0 0 19 0 0 0 0 2 696.000000 1.000000 0.983051 1.000000 0 0 0.000000
1 13 1420 143 8855 0 126 30 3 126 0 0 5 632.000000 25.000000 0.922628 0.615385 0 1 10.376255
1 7 532 11 989 0 0 18 0 0 0 0 2 634.000000 1.000000 0.982946 1.000000 0 0 0.000000
1 13 988 17 1394 0 0 30 0 0 0 0 2 618.000000 1.000000 0.973228 1.000000 0 0 0.000000
1 5 380 16 1629 0 0 21 0 0 0 0 2 691.000000 1.000000 0.977369 1.000000 0 0 0.000000
1 5 320 21 1549 11 15 9 0 0 2 12 5 372.000000 4.000000 0.963731 0.230769 0 0 0.000000
1 35 5268 96 11905 0 35 95 10 1 0 0 9 645.000000 9.000000 0.934783 0.458015 0 1 0.055016
1 6 336 10 1137 0 7 9 0 0 1 0 3 579.000000 1.000000 0.983022 0.125000 0 0 0.000000
1 7 1292 17 1657 0 0 24 3 0 0 0 7 697.000000 3.000000 0.980309 1.000000 0 0 0.000000
2 1273 502419 1829 305434 1550 2849 131 61 470 22 259 76 436.000000 67.000000 0.608089 0.876209 0 2 6116.563131
2 649 404130 801 108906 633 1210 74 35 155 18 232 33 489.000000 29.000000 0.708696 0.783448 0 2 5516.510412
2 356 114675 508 81369 560 735 101 51 156 17 69 19 531.000000 31.000000 0.764029 0.733796 0 2 6340.059711
2 973 1040211 915 131279 1442 1802 68 35 223 26 97 26 538.000000 59.000000 0.749304 0.918432 0 2 6308.498289
2 1390 918220 1700 227732 1548 2980 61 31 292 124 153 28 464.000000 42.000000 0.653521 0.944660 0 2 6985.480363
2 416 131040 557 96130 660 915 58 30 107 16 80 26 520.000000 20.000000 0.725244 0.880781 0 2 7551.145095
2 1597 940147 1855 321403 1889 3326 126 63 246 146 249 50 522.000000 57.000000 0.726008 0.926999 0 2 6624.043091
2 1881 1804396 2103 225235 2343 3810 88 42 359 50 234 49 494.000000 66.000000 0.709770 0.934237 0 2 6318.991436
2 1016 349064 2149 180933 1754 2951 208 115 964 53 281 42 429.000000 39.000000 0.598326 0.866667 0 2 2369.096255
2 198 35463 461 42702 225 512 105 53 240 12 38 23 515.000000 30.000000 0.722300 0.617602 0 2 3242.316555
2 818 752705 932 104768 1475 1661 83 42 209 6 120 35 557.000000 28.000000 0.795714 0.901714 0 2 7172.880649
2 6669 5933947 10573 1438940 11118 16933 309 156 3491 261 829 69 120.000000 592.000000 0.167131 0.964157 0 2 12145.915970
2 6088 7108085 6243 868854 9590 12074 257 129 521 189 726 72 362.000000 70.000000 0.514205 0.958316 0 2 8435.648295
2 768 612613 996 117240 1206 1595 104 51 229 27 92 42 518.000000 63.000000 0.764012 0.845238 0 2 7683.762910
2 1345 1025939 2002 183474 2216 3131 157 80 899 63 159 55 421.000000 120.000000 0.585535 0.888557 0 2 6114.736504
2 1010 717068 1463 149294 1735 2273 130 66 506 55 166 43 498.000000 89.000000 0.693593 0.866559 0 2 6394.658876
2 182 30677 353 42428 92 364 171 32 168 3 14 45 594.000000 27.000000 0.826147 0.360748 0 2 8085.966736
2 28 3220 50 3503 34 70 8 4 25 4 7 8 638.000000 4.000000 0.953662 0.794872 0 2 7192.593208
2 72 14558 178 12616 67 192 58 27 105 1 10 12 607.000000 18.000000 0.887427 0.536000 0 2 9174.661607
2 362 242300 808 73884 600 1053 111 44 430 3 65 36 474.000000 58.000000 0.750000 0.805128 0 3 5625.630350
2 20907 33901528 12071 1130635 1590 32854 117 58 243 8 74 27 488.000000 48.000000 0.678720 0.992692 0 3 7630.542310
2 97880 163619228 48431 4954458 672 146172 139 74 118 31 105 25 87.000000 86.000000 0.121001 0.998100 0 3 13345.368300
2 145536 244907537 65513 5923585 8568 210758 164 81 267 80 281 60 73.000000 136.000000 0.101530 0.997844 0 3 8891.521220
2 141053 238404685 60872 5515241 481 201851 72 33 89 44 89 28 115.000000 85.000000 0.159944 0.999277 0 3 10975.453683
2 158583 265982101 70686 5995972 40230 229050 213 91 204 87 298 49 92.000000 134.000000 0.127955 0.998116 0 3 8222.159457
2 137964 230755225 63262 6207718 46804 200991 229 113 540 180 816 119 62.000000 248.000000 0.086231 0.997694 0 3 8640.946877
2 161355 267878926 74587 6653346 45326 235518 399 174 389 378 539 118 75.000000 146.000000 0.104312 0.996512 0 3 15151.520601
2 152114 249991158 70883 6494992 16149 221677 949 362 575 384 976 144 48.000000 232.000000 0.066759 0.989825 0 3 19213.773670
2 173893 296637868 74660 5978873 80316 248148 232 116 355 114 550 85 98.000000 140.000000 0.136300 0.997437 0 3 7939.167632
2 241474 367223512 156264 9957738 271953 397119 394 204 1952 517 1412 99 88.000000 540.000000 0.122392 0.997453 0 3 3880.010958
2 389402 614530485 237750 14162573 456872 626884 197 103 280 125 477 57 -1.000000 720.000000 -0.001391 0.999259 0 3 4442.381953
2 366070 540569454 240013 16501248 385093 558080 48003 146 436 360 674 110 -1.000000 720.000000 -0.001391 0.841596 0 3 7259.691266
2 197272 263210358 127312 11830913 49058 245596 78976 78 322 105 553 88 -1.000000 720.000000 -0.001391 0.513334 0 3 6854.914710
2 149230 231212820 77622 7412796 3052 198892 27687 82 165 104 429 67 62.000000 277.000000 0.086231 0.754699 0 3 7685.128044
2 50191 81144091 23493 2358257 6301 73151 303 159 269 213 366 99 248.000000 55.000000 0.344923 0.988654 0 3 7633.053117
2 4248 2657345 4125 752472 5473 7542 245 130 313 166 775 67 353.000000 118.000000 0.490960 0.871492 0 2 7977.050362
2 4717 2633536 4399 1636161 6024 8550 337 150 278 184 558 82 384.000000 62.000000 0.534075 0.900943 0 2 8201.015395
2 4874 3327893 4543 676423 6148 8763 648 214 384 226 660 155 258.000000 91.000000 0.363380 0.861739 0 3 8425.205954
2 557 96290 647 108133 821 987 101 54 74 28 179 36 437.000000 29.000000 0.711726 0.735880 0 2 8479.684962
1 0 0 11 2153 0 0 11 0 0 0 0 2 687.000000 1.000000 0.984241 1.000000 0 0 0.000000
1 0 0 9 1725 0 0 9 0 0 0 0 2 635.000000 1.000000 0.986025 1.000000 0 0 0.000000
1 0 0 9 1544 0 0 9 0 0 0 0 2 649.000000 1.000000 0.986322 1.000000 0 0 0.000000
1 0 0 85 14736 0 0 82 0 0 0 0 3 680.000000 9.000000 0.967283 0.964706 0 0 0.000000
1 0 0 12 2138 0 0 12 0 0 0 0 2 666.000000 1.000000 0.982301 1.000000 0 0 0.000000
1 5 338 14 3322 0 10 9 0 1 0 2 3 635.000000 1.000000 0.984496 0.052632 0 1 0.005000
1 0 0 11 2046 0 0 11 0 0 0 0 2 676.000000 3.000000 0.983988 1.000000 0 0 0.000000
1 0 0 9 1725 0 0 9 0 0 0 0 2 671.000000 1.000000 0.986765 1.000000 0 0 0.000000
1 0 0 10 1817 0 0 10 0 0 0 0 2 674.000000 1.000000 0.985380 1.000000 0 0 0.000000
1 0 0 9 1639 0 0 9 0 0 0 0 2 669.000000 1.000000 0.986726 1.000000 0 0 0.000000
1 0 0 8 1538 0 0 8 0 0 0 0 2 619.000000 1.000000 0.987241 1.000000 0 0 0.000000
1 0 0 8 1496 0 0 8 0 0 0 0 1 671.000000 1.000000 0.988218 1.000000 0 0 0.000000
1 0 0 10 1966 0 0 10 0 0 0 0 2 675.000000 1.000000 0.985401 1.000000 0 0 0.000000
1 0 0 9 1639 0 0 9 0 0 0 0 2 671.000000 1.000000 0.986765 1.000000 0 0 0.000000
1 0 0 9 1725 0 0 9 0 0 0 0 2 668.000000 1.000000 0.986706 1.000000 0 0 0.000000
1 0 0 9 1725 0 0 9 0 0 0 0 2 670.000000 1.000000 0.986745 1.000000 0 0 0.000000
1 0 0 10 1966 0 0 10 0 0 0 0 2 685.000000 1.000000 0.985611 1.000000 0 0 0.000000
1 0 0 10 1731 0 0 10 0 0 0 0 2 682.000000 1.000000 0.985549 1.000000 0 0 0.000000
1 0 0 9 1639 0 0 9 0 0 0 0 2 669.000000 1.000000 0.986726 1.000000 0 0 0.000000
1 0 0 9 1725 0 0 9 0 0 0 0 2 669.000000 1.000000 0.986726 1.000000 0 0 0.000000
1 0 0 10 1966 0 0 10 0 0 0 0 2 683.000000 1.000000 0.985570 1.000000 0 0 0.000000
1 0 0 11 2101 0 0 11 0 0 0 0 3 665.000000 1.000000 0.983728 1.000000 0 0 0.000000
1 5 376 14 3324 0 10 9 0 1 0 2 3 670.000000 1.000000 0.985294 0.052632 0 1 0.005000
1 0 0 9 1725 0 0 9 0 0 0 0 2 709.000000 1.000000 0.987465 1.000000 0 0 0.000000
1 0 0 9 1725 0 0 9 0 0 0 0 2 667.000000 1.000000 0.986686 1.000000 0 0 0.000000
1 0 0 11 2058 0 0 11 0 0 0 0 2 687.000000 1.000000 0.984241 1.000000 0 0 0.000000
1 0 0 9 1639 0 0 9 0 0 0 0 2 671.000000 1.000000 0.986765 1.000000 0 0 0.000000
1 0 0 9 1725 0 0 9 0 0 0 0 2 668.000000 3.000000 0.986706 1.000000 0 0 0.000000
1 0 0 8 1538 0 0 8 0 0 0 0 2 634.000000 1.000000 0.987539 1.000000 0 0 0.000000
1 0 0 10 1966 0 0 10 0 0 0 0 2 691.000000 1.000000 0.985735 1.000000 0 0 0.000000
1 0 0 9 1639 0 0 9 0 0 0 0 2 667.000000 1.000000 0.986686 1.000000 0 0 0.000000
1 5 338 14 3280 0 10 9 0 1 0 2 3 668.000000 2.000000 0.985251 0.052632 0 1 0.005000
1 0 0 9 1725 0 0 9 0 0 0 0 2 669.000000 1.000000 0.986726 1.000000 0 0 0.000000
1 0 0 10 1966 0 0 10 0 0 0 0 2 686.000000 1.000000 0.985632 1.000000 0 0 0.000000
1 0 0 10 1731 0 0 10 0 0 0 0 2 668.000000 1.000000 0.985251 1.000000 0 0 0.000000
1 0 0 9 1639 0 0 9 0 0 0 0 2 669.000000 1.000000 0.988183 1.000000 0 0 0.000000
1 5 376 14 3324 0 10 9 0 1 0 2 3 671.000000 1.000000 0.985316 0.052632 0 1 0.005000
1 0 0 10 1966 0 0 10 0 0 0 0 2 678.000000 1.000000 0.985465 1.000000 0 0 0.000000
1 0 0 10 1817 0 0 10 0 0 0 0 2 673.000000 1.000000 0.985359 1.000000 0 0 0.000000
1 0 0 9 1725 0 0 9 0 0 0 0 2 677.000000 1.000000 0.986880 1.000000 0 0 0.000000
1 0 0 9 1725 0 0 9 0 0 0 0 2 696.000000 1.000000 0.987234 1.000000 0 0 0.000000
1 0 0 9 1725 0 0 9 0 0 0 0 2 671.000000 1.000000 0.986765 1.000000 0 0 0.000000
1 0 0 10 1871 0 0 10 0 0 0 0 2 672.000000 1.000000 0.985337 1.000000 0 0 0.000000
1 0 0 9 1725 0 0 9 0 0 0 0 2 671.000000 1.000000 0.986765 1.000000 0 0 0.000000
1 0 0 9 1725 0 0 9 0 0 0 0 2 672.000000 1.000000 0.986784 1.000000 0 0 0.000000
1 0 0 8 1538 0 0 8 0 0 0 0 2 648.000000 1.000000 0.987805 1.000000 0 0 0.000000
1 0 0 9 1779 0 0 9 0 0 0 0 2 678.000000 1.000000 0.986900 1.000000 0 0 0.000000
1 0 0 9 1725 0 0 9 0 0 0 0 2 671.000000 1.000000 0.986765 1.000000 0 0 0.000000
1 0 0 9 1725 0 0 9 0 0 0 0 2 671.000000 1.000000 0.986765 1.000000 0 0 0.000000
1 0 0 9 1725 0 0 9 0 0 0 0 2 674.000000 1.000000 0.986823 1.000000 0 0 0.000000
1 0 0 10 1880 0 0 10 0 0 0 0 2 697.000000 1.000000 0.985856 1.000000 0 0 0.000000
1 0 0 10 1731 0 0 10 0 0 0 0 2 632.000000 1.000000 0.984424 1.000000 0 0 0.000000
1 0 0 8 1538 0 0 8 0 0 0 0 2 619.000000 1.000000 0.987241 1.000000 0 0 0.000000
1 0 0 9 1725 0 0 9 0 0 0 0 2 708.000000 1.000000 0.987448 1.000000 0 0 0.000000