2 408479 455190783 347002 32732803 99369 687719 60785 2176 7176 5790 7872 2461 -1.000000 720.000000 -0.001391 0.829847 0 4 17709.788252
2 384450 419966567 335295 28160234 68836 639716 74134 2254 9285 4597 6122 3338 -1.000000 720.000000 -0.001391 0.785809 0 4 15228.889611
2 388732 370061708 309232 28609372 50752 542554 148441 2536 9997 4180 6433 3629 -1.000000 720.000000 -0.001391 0.564661 0 4 13252.210839
2 411206 395895355 280320 23362701 81066 552994 132694 2031 9641 3756 5357 3430 -1.000000 720.000000 -0.001391 0.607786 0 4 14250.060529
2 444149 388392978 265142 24706103 68765 514605 189248 1564 7028 2499 4134 2809 -1.000000 720.000000 -0.001391 0.458707 0 4 13085.670891
2 497899 383163939 291112 28049549 72225 544968 237562 2170 8509 3663 6829 3058 -1.000000 720.000000 -0.001391 0.389609 0 4 13900.178066
2 537888 397205427 294048 27806685 34882 574329 252386 1831 8877 4050 5199 2967 -1.000000 720.000000 -0.001391 0.386980 0 4 15165.789452
2 670216 529230870 394456 34394267 183942 775745 284373 1830 7041 4486 8858 2411 -1.000000 720.000000 -0.001391 0.461524 0 4 18288.824600
2 629252 406544762 277474 25110035 77918 539655 362080 1770 7067 4807 6332 2587 -1.000000 720.000000 -0.001391 0.195842 0 4 17134.843560
2 621347 369663953 235903 18920160 21900 453743 399833 930 4081 2103 2497 1988 -1.000000 720.000000 -0.001391 0.062887 0 4 19455.167416
2 362587 198409391 122636 9334582 7968 233582 248928 485 1607 658 1083 1635 -1.000000 391.000000 -0.002564 0.031627 0 4 17928.055510
2 714864 371406561 238477 18564532 15479 456435 491871 894 2766 1467 2313 1955 -1.000000 720.000000 -0.001391 0.037170 0 4 16426.278592
2 763584 391564218 249207 18289845 21614 475362 531244 870 2307 1513 2212 1838 -1.000000 720.000000 -0.001391 0.055176 0 4 16679.372685
2 820592 425392912 275171 20808547 36604 522360 567248 1065 2563 1554 2881 1953 -1.000000 720.000000 -0.001391 0.040965 0 4 17463.225414
2 881653 412580553 280298 27952621 41130 524800 630554 1267 3612 2452 3887 2268 -1.000000 720.000000 -0.001391 0.091014 0 4 17314.744708
2 910434 457860529 325144 25302689 56141 602570 626367 1257 4890 4075 5419 2172 -1.000000 720.000000 -0.001391 0.019260 0 4 20476.725759
2 216140 153420523 130560 13088242 53278 214853 125388 1353 6737 5239 5181 2821 -1.000000 720.000000 -0.001391 0.258047 0 4 15120.126008
2 113861 131126492 86945 7994708 158753 187036 11366 1415 4151 2614 4374 1454 -1.000000 720.000000 -0.001391 0.874824 0 4 18633.403061
2 429330 532562121 254067 17764388 626572 670571 10130 1655 5560 4021 7338 1572 -1.000000 720.000000 -0.001391 0.966409 0 4 16588.558211
2 411876 515082227 242989 16458210 593689 641606 10829 1411 5978 5872 5816 1583 -1.000000 720.000000 -0.001391 0.963217 0 4 14209.764236
2 208899 248726071 144608 24405569 299584 340952 10924 1382 4015 2967 4797 1276 -1.000000 720.000000 -0.001391 0.933583 0 4 17012.012377
2 116419 141587954 84994 17693097 126794 180625 18020 1499 3969 2246 4840 1500 -1.000000 720.000000 -0.001391 0.807321 0 4 18177.509689
2 365480 409273744 282921 22833598 79641 546071 82143 1357 3947 2503 5446 2161 -1.000000 720.000000 -0.001391 0.715496 0 4 14916.433369
2 312100 369497239 246362 20091877 53521 509423 40183 1508 5394 4043 5282 2094 -1.000000 720.000000 -0.001391 0.840236 0 4 19205.788395
2 237363 296336244 178471 14242188 43575 390323 20417 1569 3900 2523 4332 1343 -1.000000 720.000000 -0.001391 0.889552 0 4 18660.161980
2 61617 64518856 55655 7141641 62624 100301 14107 1529 3523 1629 4352 1049 -1.000000 720.000000 -0.001391 0.734992 0 4 18497.848693
2 150268 179499200 112643 13796487 125769 231836 27797 1563 4632 1685 5197 1344 -1.000000 720.000000 -0.001391 0.776076 0 4 16808.861638
2 397094 489923860 298712 25207013 108268 631373 50410 1978 4459 2513 5240 1846 -1.000000 720.000000 -0.001391 0.834950 0 4 12786.079938
2 368636 440514799 263413 20208373 58559 565968 56999 2942 3173 1102 4091 1809 -1.000000 720.000000 -0.001391 0.805268 0 4 13193.913777
2 404065 464295516 273984 21237238 55904 596306 76410 2013 4464 1652 4630 1715 -1.000000 720.000000 -0.001391 0.766753 0 4 16162.319180
2 478753 528638090 339210 27508069 65321 640528 169742 2463 4609 1869 4727 2237 -1.000000 720.000000 -0.001391 0.575559 0 4 13642.820419
2 463759 483711901 337393 27994348 67433 642254 152465 2575 5392 1997 6172 2020 -1.000000 720.000000 -0.001391 0.611356 0 4 14085.186651
2 451061 450258795 285300 23264012 68453 600040 129516 1760 5214 2115 5217 1960 -1.000000 720.000000 -0.001391 0.638986 0 4 16767.952623
2 453454 431586470 277653 23651683 48591 571758 152732 1499 5401 3194 5792 1944 -1.000000 720.000000 -0.001391 0.573139 0 4 17458.179098
2 495774 464408778 298977 22671683 68356 582468 200971 1634 3995 2072 4130 2013 -1.000000 720.000000 -0.001391 0.480021 0 4 17637.685456
2 484592 462606291 318327 24968410 33325 561602 229963 1284 3486 1092 3634 2115 -1.000000 720.000000 -0.001391 0.413042 0 4 15620.572904
2 480712 447086733 298294 24906031 45342 612758 158050 1280 5959 4256 6441 1982 -1.000000 720.000000 -0.001391 0.583703 0 4 19072.233795
2 509599 453644381 291494 27848261 54304 586333 207112 1143 3615 3018 3005 1949 -1.000000 720.000000 -0.001391 0.473379 0 4 21838.652095
2 518676 438722137 280601 23269548 49180 572129 218380 1243 4008 3210 2602 2203 -1.000000 720.000000 -0.001391 0.442586 0 4 21612.709014
2 546789 454448148 269956 19823712 50921 561901 244788 964 2904 1660 2123 2089 -1.000000 720.000000 -0.001391 0.388264 0 4 16575.995003
2 587634 467606585 294542 26359968 62279 593219 277478 1316 3936 4008 3113 2134 -1.000000 720.000000 -0.001391 0.357912 0 4 22094.816830
2 587545 454400385 275263 21329603 34024 546131 304655 1770 3634 2914 2917 1867 -1.000000 720.000000 -0.001391 0.279872 0 4 22357.031086
2 315318 270669634 158614 11773137 19600 331710 133475 626 2229 1978 1376 1542 -1.000000 441.000000 -0.002273 0.418277 0 4 23768.802425
2 454667 416013861 240383 18758199 19510 500532 182460 1249 2650 1265 2474 1742 -1.000000 720.000000 -0.001391 0.457625 0 4 14095.783967
2 482491 501535482 300064 23194825 109468 637630 133660 1530 4146 2244 3399 1956 -1.000000 720.000000 -0.001391 0.644006 0 4 12115.455164
2 496091 529034112 345516 29151166 149678 725421 104568 1996 5261 2874 5802 2115 -1.000000 720.000000 -0.001391 0.737699 0 4 11261.487347
2 490887 539543599 354991 28304035 164516 742419 94692 2179 5442 3112 5327 2179 -1.000000 720.000000 -0.001391 0.765745 0 4 10882.200670
2 508716 535135303 338966 28268267 165482 721263 114323 1789 5603 4049 5734 2310 -1.000000 720.000000 -0.001391 0.716000 0 4 11857.348936
2 338330 356235719 223372 17853357 107450 472490 81319 1206 3524 1505 2647 1857 -1.000000 482.000000 -0.002079 0.696403 0 4 11087.919709
2 521168 527695367 351957 28108635 142663 713594 144854 1857 4807 2747 4024 2808 -1.000000 720.000000 -0.001391 0.651384 0 4 11855.126493
2 323344 309267946 225966 19536531 84861 431151 108652 976 3283 2231 3672 2103 -1.000000 439.000000 -0.002283 0.587098 0 5 11490.242036
2 316721 297582224 206418 18688009 78018 401159 109770 1218 2802 1764 3137 2206 -1.000000 441.000000 -0.002273 0.557001 0 4 11659.501589
2 475761 436992996 273339 28475340 40839 551222 177365 1311 2845 2149 4900 1901 -1.000000 720.000000 -0.001391 0.499075 0 4 11048.452658
2 245428 224676933 136052 11349994 19382 274456 96800 597 1341 747 2022 1253 -1.000000 386.000000 -0.002597 0.465702 0 4 16800.746468
2 404530 405388852 253998 24420677 18212 504071 137054 1052 2082 1151 3007 1740 -1.000000 720.000000 -0.001391 0.557329 0 4 13831.539340
2 387396 397999672 240970 22293030 14203 491263 125190 1247 1476 971 2402 1583 -1.000000 720.000000 -0.001391 0.582579 0 4 16384.132429
2 263022 284432229 173102 18254156 25820 362505 67390 1352 1936 911 3315 1454 -1.000000 502.000000 -0.001996 0.676677 0 4 14275.932806
2 342802 391474031 227689 24316260 9018 476127 85887 886 1894 1127 2447 1539 -1.000000 720.000000 -0.001391 0.684042 0 4 13196.973142
2 377315 429361436 248528 24221041 42408 533786 83604 1256 1905 1495 3321 1486 -1.000000 720.000000 -0.001391 0.719321 0 4 12932.291677
2 284619 324248177 192004 17720661 45327 416699 54578 784 1933 1683 3432 1236 -1.000000 532.000000 -0.001883 0.759764 0 4 11952.603006
2 208444 243801520 139987 17066633 9775 230583 112668 885 1209 896 2131 1243 -1.000000 720.000000 -0.001391 0.338417 0 4 14296.590924
2 37375 17133595 34729 11428169 7305 20058 47522 839 1033 533 1944 976 -1.000000 720.000000 -0.001391 0.380894 0 4 14857.810814
2 56792 45599968 55379 11134610 59511 105631 6242 951 5190 999 4547 969 -1.000000 720.000000 -0.001391 0.886049 0 3 10903.182420
2 35153 23458078 39457 8972909 40347 70146 4149 735 4677 939 3917 892 -1.000000 720.000000 -0.001391 0.884560 0 3 8495.883618
2 52994 42667747 47156 12606788 53323 95159 4657 725 4558 927 3428 780 -1.000000 720.000000 -0.001391 0.903665 0 3 6438.897049
2 48645 44419221 40054 13823810 42715 79377 9099 375 3632 495 1998 499 -1.000000 720.000000 -0.001391 0.792320 0 3 4850.003117
2 52112 42289272 43643 16091740 50489 89543 5770 541 3872 564 2640 531 -1.000000 720.000000 -0.001391 0.874868 0 4 3533.410285
2 50153 42259550 44341 9704352 60734 90448 3669 815 4880 1018 4412 698 -1.000000 720.000000 -0.001391 0.918355 0 3 1759.239804
2 35021 23837316 35361 8290338 37743 66204 3858 842 5084 1138 4156 745 -1.000000 720.000000 -0.001391 0.885823 0 3 792.136469
2 15792 7893967 19672 5362061 14456 32626 2505 539 4382 966 2264 599 -1.000000 720.000000 -0.001391 0.849340 0 3 2422.347357
2 20691 6643133 25407 15204457 10958 43941 1887 295 4116 1210 1938 452 -1.000000 720.000000 -0.001391 0.912274 0 3 3824.103607
2 27996 18297371 29703 14988568 26165 55818 1669 245 3817 615 1910 398 -1.000000 720.000000 -0.001391 0.938474 0 3 5100.400713
2 55006 62813661 35383 2341531 79403 87845 2189 262 3297 320 1382 363 1.000000 720.000000 0.001391 0.947637 0 3 6145.000131
2 51034 57409839 36549 2736611 68944 85224 2103 304 2881 375 1295 364 -1.000000 720.000000 -0.001391 0.949054 0 4 7159.422481
2 47231 44221596 37680 11950376 45407 82955 1673 375 3211 488 1728 418 -1.000000 720.000000 -0.001391 0.957261 0 3 8289.476314
2 47414 32432888 47525 29371258 43083 91878 2680 270 3207 326 1252 356 -1.000000 720.000000 -0.001391 0.939530 0 3 9300.929610
2 85662 85452981 64678 16064336 84052 147701 2365 341 3815 883 1973 541 -1.000000 720.000000 -0.001391 0.966715 0 3 10458.186735
2 140899 157557045 99798 12916300 147042 237703 2466 325 3564 706 1479 594 -1.000000 720.000000 -0.001391 0.977316 0 3 11725.371833
2 91092 99247117 62565 15283299 90076 151973 1399 198 2791 389 1155 317 0.000000 720.000000 0.000000 0.979936 0 3 12759.992691
2 78092 55634977 77140 26675111 94152 152812 2027 287 2607 373 1108 387 -1.000000 720.000000 -0.001391 0.971353 0 4 13632.742542
2 20933 15584819 19907 4042908 21872 37438 3122 390 2980 324 1436 362 1.000000 720.000000 0.001391 0.840255 0 3 14571.928497
2 26975 22550726 22640 8429162 30978 46410 2962 229 3097 325 1162 332 0.000000 708.000000 0.000000 0.875703 0 3 15529.166040
2 47579 41931365 40986 9816793 57995 84375 2964 317 3130 640 1143 576 1.000000 720.000000 0.001391 0.919223 0 3 16467.942986
2 89124 85006780 75777 14497663 126394 160255 4106 776 4900 865 3263 843 -1.000000 720.000000 -0.001391 0.946926 0 3 18128.804072
2 63188 50209014 61868 18607452 72140 122255 2374 493 4507 694 2952 554 -1.000000 720.000000 -0.001391 0.958619 0 3 18864.338120
2 143057 158635185 98791 13619602 158248 239046 2545 498 4337 516 2355 496 -1.000000 720.000000 -0.001391 0.977891 0 3 17327.036548
2 80800 72832068 65068 18156272 97390 143537 1908 277 4389 611 2129 471 -1.000000 720.000000 -0.001391 0.970939 0 3 15977.404183
2 69770 54921692 59879 15045026 87145 126064 3210 618 5286 924 4421 627 -1.000000 720.000000 -0.001391 0.947589 0 3 14329.242005
2 46368 35666052 40981 9009072 55961 83865 3148 326 4655 1320 3004 462 -1.000000 720.000000 -0.001391 0.924075 0 3 12554.166743
2 33206 29347007 30148 3971864 46127 61117 2019 275 4378 887 2515 412 1.000000 720.000000 0.001391 0.932822 0 3 11145.983682
2 63554 57029881 50945 13301465 77844 110640 3680 511 5091 1405 3771 514 -1.000000 720.000000 -0.001391 0.934157 0 4 9515.260778
2 33013 24919176 30653 6868047 40367 61344 1983 436 4500 947 3301 508 -1.000000 720.000000 -0.001391 0.932382 0 4 7697.984363
2 29922 23291724 29635 4575639 37007 50557 8611 619 4444 752 2701 549 -1.000000 720.000000 -0.001391 0.704300 0 3 5971.254255
2 84888 88182854 63747 7766775 104199 127057 21280 591 4088 555 2307 548 -1.000000 720.000000 -0.001391 0.711656 0 3 4342.686718
2 46928 50587479 38605 3456586 58062 82883 2345 315 3800 345 1682 474 -1.000000 720.000000 -0.001391 0.941602 0 4 3195.014850
2 56889 54930949 45958 4786011 79867 99705 2996 602 5026 1076 3394 731 -1.000000 720.000000 -0.001391 0.940319 0 3 1624.256612
2 35031 31573567 29307 3106133 47359 57804 6232 369 4427 595 2387 570 -1.000000 720.000000 -0.001391 0.801579 0 3 593.196991
2 66581 67163788 57531 5176307 86777 118786 4901 474 4824 925 2868 656 -1.000000 720.000000 -0.001391 0.917599 0 3 2111.873526
2 55051 56576174 41155 3485897 73850 92147 3760 416 4197 645 2082 493 -1.000000 720.000000 -0.001391 0.918727 0 3 3702.313528
2 47428 47152551 33820 3205541 58576 76016 4965 414 4371 475 2105 526 -1.000000 720.000000 -0.001391 0.874495 0 4 5290.128656
2 46111 43948291 37957 8683327 59027 79974 3296 361 4191 524 1842 609 -1.000000 720.000000 -0.001391 0.912095 0 4 6706.253568
2 37843 30404681 33223 17270168 40891 68657 1939 220 2698 271 1285 444 -1.000000 720.000000 -0.001391 0.938817 0 4 7851.431014
2 27504 16266258 28001 21233820 19980 53999 1242 115 2114 186 939 256 1.000000 720.000000 0.001391 0.950491 0 3 8641.440693
2 34135 25674838 31410 20500640 22390 63994 1263 120 1766 205 835 208 0.000000 720.000000 0.000000 0.957068 0 4 9246.535244
2 26754 11782339 30845 27410565 13384 56126 1181 107 1759 152 756 169 -1.000000 720.000000 -0.001391 0.953923 0 2 9725.604734
2 5026 1410924 7301 4033147 2986 11242 745 106 1724 161 685 197 15.000000 720.000000 0.020862 0.851545 0 2 10246.741209
2 17168 19290089 13510 919861 23531 29690 751 94 1664 111 560 165 13.000000 580.000000 0.018081 0.943314 0 2 10731.503704
2 2480 573806 4414 500886 2554 5894 798 109 1785 170 653 237 8.000000 720.000000 0.011127 0.739193 0 2 11243.532992
2 2985 1189930 4777 598419 3055 6586 971 113 1791 109 596 225 12.000000 720.000000 0.016690 0.723396 0 2 11774.598627
2 2440 754562 4259 451673 2678 5742 745 61 1800 119 619 169 11.000000 426.000000 0.015299 0.745932 0 2 12275.137104
2 7996 5506685 8136 1050131 10552 14730 1235 85 2256 256 736 177 3.000000 720.000000 0.004172 0.836536 0 2 12829.058397
2 13121 12111970 13559 1090984 18043 25526 902 66 2303 320 571 157 2.000000 720.000000 0.002782 0.922939 0 2 13537.658868
2 24161 26607874 24451 1853535 35994 47130 1241 103 1947 247 585 169 9.000000 720.000000 0.012517 0.943985 0 2 14196.959751
2 9614 7444665 8844 908785 8337 15980 2364 64 1841 265 601 147 11.000000 720.000000 0.015299 0.737675 0 2 14799.926519
2 29955 33082819 21118 1328974 40743 48667 2210 41 1768 205 447 145 19.000000 392.000000 0.026426 0.909620 0 3 15335.443404
2 8163 6556665 7504 700923 10292 13783 1796 56 1642 227 502 173 18.000000 720.000000 0.025035 0.765111 0 2 15849.029635
2 17882 19260675 12436 865178 23468 29354 959 46 1541 190 461 122 28.000000 505.000000 0.038943 0.936572 0 3 16358.538801
2 16055 16553557 11093 867399 20538 25701 1011 38 1570 207 488 108 23.000000 720.000000 0.031989 0.909459 0 2 16795.964646
2 6114 4532158 5877 580318 5124 10733 1178 30 1693 196 425 96 11.000000 668.000000 0.015299 0.796848 0 2 17328.064117
2 2694 308622 3601 408629 1813 5326 967 27 1655 254 445 92 17.000000 560.000000 0.023644 0.692454 0 2 17791.256918
2 6680 5430182 5887 520670 8226 11598 967 48 1588 217 463 109 31.000000 383.000000 0.043115 0.845946 0 3 18304.268222
2 8324 7785558 6925 561189 11058 14327 921 37 1548 199 421 81 32.000000 383.000000 0.044506 0.879140 0 2 18740.707183
2 15130 10883748 17392 3875042 21863 29647 2074 485 1296 545 1593 376 6.000000 720.000000 0.008345 0.847826 0 2 9798.340829
2 26181 20967893 33642 5325764 34212 55559 3522 749 6056 1131 2162 1455 1.000000 720.000000 0.001391 0.869849 0 2 5356.337755
2 33555 24884439 42114 6548736 38641 70646 3456 876 7852 1045 3788 1798 -1.000000 720.000000 -0.001391 0.887946 0 3 6903.566885
2 40392 44227229 43787 4636376 55423 79652 3813 614 6842 803 2365 1572 -1.000000 720.000000 -0.001391 0.900925 0 3 8258.500365
2 42890 47451005 47248 5896106 58809 84659 3609 562 4778 888 2497 1202 -1.000000 720.000000 -0.001391 0.899177 0 2 4935.246834
2 236307 441462882 188376 10961498 405795 421244 2490 498 4136 741 2215 1040 -1.000000 720.000000 -0.001391 0.986039 0 3 4347.281942
2 15988 14790059 20489 2264653 17320 33224 2663 387 3702 524 1198 928 0.000000 720.000000 0.000000 0.837816 0 2 5954.544188
2 118212 158206851 109028 9116310 154948 223297 3110 784 2458 1126 2859 553 -1.000000 720.000000 -0.001391 0.968962 0 2 8656.562858
2 47743 53749043 45187 4848753 57579 88405 3815 786 2561 1218 3027 579 -1.000000 720.000000 -0.001391 0.910255 0 2 14000.089490
2 10760 10139219 12419 1825655 12196 20696 2136 344 1062 395 1339 259 7.000000 720.000000 0.009736 0.800725 0 2 17869.223212
2 2274 698917 3728 379058 1461 4179 1767 212 536 121 660 174 26.000000 592.000000 0.036161 0.401866 0 2 14209.331372
2 2294 472881 3832 400795 1346 4095 2024 268 553 107 715 185 23.000000 441.000000 0.031989 0.338067 0 2 14898.166679
2 47667 63881887 42015 3179161 46060 86595 2889 358 1160 369 1269 271 7.000000 720.000000 0.009736 0.933365 0 2 10569.978883
2 12992 9237003 14900 2769091 12601 25107 2509 427 1104 341 1530 380 6.000000 720.000000 0.008345 0.810196 0 2 12208.600227
2 53805 56349806 53824 9599399 79706 103459 3666 584 1755 976 2572 475 1.000000 405.000000 0.001391 0.927194 0 2 9568.581537
2 96894 136839290 79400 5599931 152242 173678 2514 543 1309 653 1964 408 0.000000 720.000000 0.000000 0.970901 0 2 10386.289752
2 20915 15867150 20722 3250685 19844 35209 6407 549 1310 673 2449 430 12.000000 720.000000 0.016690 0.691741 0 2 18604.813970
2 9462 5802877 10956 1548736 8766 17444 2846 431 907 435 1514 355 8.000000 473.000000 0.011127 0.714957 0 2 12158.056453
2 29585 36784171 26363 2671945 43040 52819 2119 450 1006 545 1847 323 4.000000 720.000000 0.005563 0.906199 0 2 12452.547081
2 49382 53207537 43868 5402885 62047 89616 2946 637 2431 1222 3008 437 -1.000000 720.000000 -0.001391 0.929437 0 3 7846.140679
2 35164 42065701 32174 3174061 42526 64632 2348 438 2175 525 1794 328 -1.000000 720.000000 -0.001391 0.924946 0 3 6586.621576
2 96633 138743224 61714 5243827 120093 155668 2505 534 2102 676 2296 426 1.000000 720.000000 0.001391 0.967262 0 2 8403.352439
2 40558 48686361 38444 3685851 61480 75024 2536 524 1726 838 2446 378 0.000000 720.000000 0.000000 0.917546 0 2 8458.674932
2 27899 28910715 28187 3036552 36053 51838 3179 504 1507 652 2011 387 1.000000 720.000000 0.001391 0.867578 0 2 9191.990067
2 34246 46094166 31494 2661042 52539 62207 2741 428 1891 818 1700 352 0.000000 720.000000 0.000000 0.904563 0 2 9615.673132
2 45422 60758147 35723 2770353 57189 77373 3227 458 1502 640 1472 331 3.000000 687.000000 0.004172 0.913747 0 2 8863.921024
2 96087 147772946 80102 9279194 148740 173041 2499 480 2001 731 2058 387 -1.000000 720.000000 -0.001391 0.967949 0 2 9473.375573
2 159839 272701847 153700 37412886 262267 284223 27909 647 2276 749 2465 461 -1.000000 720.000000 -0.001391 0.817487 0 3 9318.090935
2 52506 78083707 50222 10886843 81536 93029 9369 407 1789 393 1485 355 -1.000000 720.000000 -0.001391 0.814384 0 2 9248.673040
2 223393 359125985 161765 12518511 328334 352337 32127 767 3776 1184 2991 892 0.000000 720.000000 0.000000 0.831373 0 3 14691.827751
2 354939 552479588 294046 18833733 567924 587268 59139 606 2383 781 2451 645 -1.000000 720.000000 -0.001391 0.813777 0 2 12092.889698
2 277639 441191754 274024 16472734 528403 547483 3349 679 2533 887 2713 498 -1.000000 720.000000 -0.001391 0.986352 0 2 12763.135964
2 123528 177667955 114458 9057033 216451 234279 3543 631 2626 875 2329 488 -1.000000 720.000000 -0.001391 0.969536 0 3 11870.050462
2 100906 161976910 83105 5237489 172335 180794 3164 435 1446 482 1454 412 -1.000000 720.000000 -0.001391 0.965323 0 2 15575.471300
2 65076 107438469 55391 4639515 109565 117090 3170 360 1160 294 1138 382 13.000000 349.000000 0.018081 0.945653 0 3 14969.448388
2 17282 12760980 19272 3752153 18009 34115 2381 415 1273 392 1291 406 4.000000 720.000000 0.005563 0.868140 0 2 13726.823679
2 24618 13443615 28103 8184045 25727 49172 2640 568 1569 974 2317 480 7.000000 720.000000 0.009736 0.882608 0 2 13195.685956
2 30570 27985794 33055 9346564 46093 61102 2070 382 1090 433 1226 317 3.000000 720.000000 0.004172 0.927811 0 2 13054.214500
2 25128 37044427 23721 1774435 42424 46267 2340 291 835 154 645 277 14.000000 341.000000 0.019471 0.899240 0 3 15120.381038
2 45669 66264986 41646 3174350 73964 85064 2239 367 1162 618 882 330 28.000000 305.000000 0.038943 0.948577 0 3 13576.701734
2 173244 273946219 149988 14215845 296663 320441 2694 570 1527 845 1781 488 0.000000 720.000000 0.000000 0.983031 0 2 12489.524534
2 58784 86238821 51663 3848475 94223 107192 2490 498 1240 331 941 363 4.000000 720.000000 0.005563 0.947984 0 2 14987.000973
2 68162 95637849 64187 4547126 120377 129579 2325 491 1326 321 1000 381 8.000000 509.000000 0.011127 0.961503 0 2 13587.914293
2 317910 493491559 186242 12396259 393637 500310 3695 830 2921 1156 2328 594 1.000000 720.000000 0.001391 0.985050 0 3 10374.482828
2 238133 389738755 142958 9396793 358310 377120 3689 875 3212 1468 1956 567 -1.000000 720.000000 -0.001391 0.979900 0 3 10332.479291
2 208124 320857195 118050 11181829 289559 321351 4360 1082 3411 1357 3316 725 -1.000000 720.000000 -0.001391 0.971846 0 3 10018.793445
2 298497 460703191 153424 11847197 405483 446183 5428 1136 3928 2418 3724 815 -1.000000 720.000000 -0.001391 0.975292 0 2 9683.166004
2 286701 465712113 101398 9646886 357777 383883 4044 1047 2822 1310 2597 669 -1.000000 720.000000 -0.001391 0.978717 0 3 11304.837544
2 269726 398671123 147101 15690453 327437 372450 43400 1137 3773 1324 2802 1585 -1.000000 720.000000 -0.001391 0.789416 0 2 9385.708826
2 286700 376595218 218220 41648035 321533 373480 129974 1066 3422 1857 3607 1604 -1.000000 720.000000 -0.001391 0.482266 0 3 10281.307142
2 170998 214807365 140151 34259738 184769 222233 88042 723 2689 1394 2952 1085 217.000000 456.000000 0.322437 0.431276 0 3 8499.808754
1 25914 36585708 19247 1382056 41095 44440 721 73 427 208 355 91 116.000000 439.000000 0.161335 0.968070 0 1 84.332608
1 57108 85920605 54176 3615831 37709 45659 65333 102 462 243 478 260 120.000000 198.000000 0.167131 0.176791 0 1 108.106703
1 25255 41797557 19217 1293980 25518 37114 7358 18 86 53 144 36 310.000000 118.000000 0.431154 0.669095 0 1 25.981837
1 7687 13242115 6024 434174 9308 13090 620 28 90 48 139 36 364.000000 34.000000 0.506259 0.909489 0 1 22.448187
1 14745 24640538 10020 1506966 23900 24155 610 14 60 44 103 25 386.000000 29.000000 0.537604 0.950737 0 1 21.731927
1 13092 18722134 8263 524552 20542 20783 572 18 63 35 96 30 198.000000 199.000000 0.276536 0.946429 0 1 16.679451
1 8780 12031307 6083 499072 8808 14358 505 25 101 42 97 30 394.000000 73.000000 0.547983 0.932046 0 1 19.034818
1 8427 11797131 5651 355289 13431 13613 465 13 37 15 65 21 262.000000 324.000000 0.365411 0.933939 0 1 9.830038
1 1311 420694 1197 680215 863 1173 1335 20 51 24 109 34 452.000000 15.000000 0.628651 0.064593 0 1 15.327364
1 625 121407 485 86678 461 624 486 7 23 16 52 22 497.000000 20.000000 0.691238 0.124324 0 1 6.633249
1 732 115560 590 110315 561 783 539 12 44 19 75 26 461.000000 26.000000 0.641168 0.184569 0 1 10.932432
1 825 125248 578 108449 584 781 622 13 34 28 86 22 474.000000 17.000000 0.659249 0.113329 0 1 9.810708
1 4346 7317101 3249 231597 4148 7070 525 9 35 16 59 17 491.000000 21.000000 0.682893 0.861751 0 1 9.687105
1 1780 2143284 1388 143414 1536 2513 655 13 38 25 84 24 463.000000 11.000000 0.644847 0.586490 0 1 10.491917
1 665 102349 499 88524 491 672 492 6 30 19 60 19 480.000000 11.000000 0.670391 0.154639 0 1 8.655441
1 662 97229 521 84895 455 638 545 9 30 14 57 21 457.000000 20.000000 0.635605 0.078614 0 1 8.383118
1 740 139303 584 105263 599 817 507 10 35 25 82 20 473.000000 12.000000 0.658774 0.234139 0 1 10.099505
1 743 125556 639 111324 567 729 650 29 33 23 87 27 470.000000 16.000000 0.654596 0.057164 0 1 9.521904
1 664 101583 640 109117 656 857 447 13 96 19 95 22 433.000000 19.000000 0.603905 0.314417 0 1 15.959744
1 589 94068 570 107054 496 678 481 13 88 21 43 22 452.000000 10.000000 0.629526 0.169974 0 1 12.525836
1 620 96102 528 111222 512 709 439 9 30 26 53 23 494.000000 11.000000 0.688982 0.235192 0 1 8.342395
1 669 101792 579 99464 589 825 423 9 42 25 86 20 479.000000 12.000000 0.668994 0.322115 0 1 11.194857
1 624 92055 542 104332 488 691 475 10 30 18 56 22 470.000000 13.000000 0.655509 0.185249 0 1 8.655441
1 743 124906 624 112995 654 847 520 8 45 20 98 20 461.000000 17.000000 0.642061 0.239210 0 1 12.762716
1 9692 682089 9739 12999538 534 725 18706 8 31 16 64 23 431.000000 73.000000 0.599444 0.925377 0 1 8.944272
1 686 167408 581 101579 601 818 449 11 36 23 68 23 462.000000 13.000000 0.646154 0.291239 0 1 10.024468
1 677 160092 591 94210 633 865 403 9 35 27 93 24 473.000000 18.000000 0.660614 0.364353 0 1 10.099505
1 619 103621 569 93207 484 688 498 11 34 12 62 24 463.000000 11.000000 0.643950 0.159933 0 1 9.761206
1 697 101525 590 95419 564 810 477 11 36 20 86 22 468.000000 16.000000 0.650904 0.258741 0 1 10.388295
1 684 243796 626 106475 607 816 494 11 33 18 64 22 441.000000 16.000000 0.613352 0.245802 0 1 8.687726
1 6164 7628098 5097 807244 9546 10458 801 30 526 169 330 54 263.000000 163.000000 0.365786 0.857561 0 1 90.985677
1 8875 13031667 7988 1339304 13392 14749 2099 34 677 95 256 53 108.000000 109.000000 0.150418 0.750163 0 1 92.875034
1 12219 19487813 10405 1571565 19037 19986 2632 15 421 89 195 54 150.000000 94.000000 0.208623 0.767062 0 1 59.893844
1 11486 11928483 10013 6286971 11592 12479 9020 18 245 63 197 38 164.000000 236.000000 0.228412 0.160891 0 1 43.122635
1 15518 18304134 13754 7699571 17632 18497 10775 17 226 54 162 46 213.000000 135.000000 0.296657 0.263802 0 1 40.119703
1 13347 986509 13687 17739166 591 989 26045 9 154 32 75 35 100.000000 360.000000 0.139082 0.926833 0 1 25.795278
1 1271 362463 1163 498417 640 951 1483 14 67 27 77 33 401.000000 22.000000 0.557719 0.218570 0 1 12.020625
1 709 137037 578 90898 425 693 594 8 56 13 47 29 449.000000 13.000000 0.626220 0.076923 0 1 10.265605
1 681 97728 655 97885 426 729 606 13 71 22 71 30 421.000000 14.000000 0.587169 0.092066 0 1 13.239886
1 298 40672 501 81407 316 599 200 8 91 27 33 26 480.000000 11.000000 0.667594 0.499374 0 1 15.925219
1 286 37409 447 73530 255 506 201 8 78 24 15 20 486.000000 20.000000 0.675939 0.416098 0 1 13.290389
1 332 63216 463 66107 365 628 167 11 56 24 45 20 502.000000 11.000000 0.699164 0.579874 0 1 9.848793
1 387 118145 629 81970 372 732 284 19 134 25 26 31 448.000000 19.000000 0.623088 0.440945 0 1 19.583841
1 368 92030 523 71926 369 733 158 8 122 26 27 29 459.000000 18.000000 0.639276 0.645342 0 1 18.841037
1 310 71883 447 73155 328 593 164 10 64 28 24 19 495.000000 14.000000 0.689415 0.566711 0 1 12.802349
1 265 56958 406 67065 269 494 177 8 51 13 14 20 501.000000 10.000000 0.696801 0.472429 0 1 10.662953
1 443 175298 529 68504 507 802 170 10 67 35 47 19 512.000000 11.000000 0.713092 0.650206 0 1 15.200465
1 260 53148 381 50785 268 474 167 11 48 12 20 18 528.000000 11.000000 0.738462 0.478939 0 1 7.839952
1 327 69082 476 61095 318 619 184 9 86 29 29 21 486.000000 17.000000 0.676880 0.541719 0 1 15.118931
1 321 72701 506 63923 313 565 262 8 49 19 26 18 470.000000 15.000000 0.653686 0.366385 0 1 8.812830
1 276 41570 488 60996 251 528 236 7 84 26 13 19 483.000000 17.000000 0.671766 0.382199 0 1 15.245771
1 375 79308 529 67328 390 690 214 17 89 32 44 25 471.000000 14.000000 0.655989 0.526549 0 1 14.980406
1 287 59802 434 54763 286 507 214 9 63 20 19 23 512.000000 12.000000 0.712100 0.406380 0 1 10.192924
1 299 64616 385 55495 297 535 149 8 48 18 24 16 529.000000 12.000000 0.737796 0.564327 0 1 9.755340
1 303 64096 464 65940 306 573 194 11 91 16 25 18 497.000000 10.000000 0.691238 0.494133 0 1 12.342386
1 304 52651 660 80443 276 729 235 8 255 25 18 21 372.000000 22.000000 0.517385 0.512448 0 1 31.433586
1 599 397589 774 85644 671 1190 183 14 205 33 44 22 430.000000 15.000000 0.598053 0.733430 0 1 31.576434
1 288 55103 453 49255 272 553 188 11 109 14 24 23 474.000000 14.000000 0.659249 0.492578 0 1 13.770315
1 497 98192 734 303985 359 752 479 14 157 27 27 29 431.000000 24.000000 0.599444 0.221771 0 1 20.632405
1 276 65054 424 60528 283 538 162 9 99 15 22 18 494.000000 12.000000 0.687065 0.537143 0 1 11.145502
1 22701 21556477 22087 2318644 21829 43473 1310 299 2047 966 2355 224 2.000000 720.000000 0.002782 0.941391 0 1 415.048202
1 8436 5542564 9079 1238731 7437 17100 410 124 740 470 1340 107 43.000000 288.000000 0.059805 0.952897 0 1 219.259142
1 6832 5722497 7382 971342 5747 13389 816 167 594 487 1076 99 61.000000 142.000000 0.084840 0.884550 0 1 210.028930
1 5274 3545429 6696 1024785 4221 10929 1031 147 984 577 1226 114 40.000000 337.000000 0.055633 0.826901 0 1 180.988695
1 1463 583906 2735 393970 1094 3725 465 42 623 190 701 68 110.000000 183.000000 0.153203 0.776560 0 1 110.216609
1 2350 1851140 2781 259288 3441 4942 184 59 399 150 679 76 162.000000 93.000000 0.225313 0.927305 0 1 90.379667
1 519 85404 1565 167774 541 1982 97 11 382 134 560 23 202.000000 48.000000 0.280946 0.904511 0 1 68.793092
1 565 111920 1484 170570 578 1911 133 32 237 151 574 30 190.000000 60.000000 0.264256 0.867740 0 1 50.731551
1 1056 809653 1765 191159 1429 2714 107 30 212 127 618 35 222.000000 47.000000 0.309192 0.924140 0 1 50.108327
1 476 79809 1442 187782 455 1815 98 8 303 115 554 31 213.000000 45.000000 0.296245 0.895203 0 1 51.835940
1 1150 679727 2034 275389 1356 2955 224 45 412 130 585 57 189.000000 68.000000 0.262865 0.857726 0 1 76.731975
1 602 139666 1408 161036 638 1919 84 11 195 133 565 20 237.000000 48.000000 0.330084 0.912935 0 1 45.069928
1 564 105698 1507 158971 594 1910 156 20 259 138 579 33 192.000000 69.000000 0.267038 0.846934 0 1 53.881254
1 490 97803 1271 140984 545 1705 56 7 189 126 546 19 229.000000 38.000000 0.318498 0.936400 0 1 39.069098
1 494 90450 1326 148159 489 1753 62 3 221 124 547 17 210.000000 47.000000 0.292887 0.929121 0 1 46.356179
1 779 278703 1682 187636 1007 2309 147 45 297 149 587 44 189.000000 56.000000 0.262865 0.878505 0 1 56.098904
1 485 71761 1300 156184 505 1700 80 10 170 140 554 19 230.000000 46.000000 0.319889 0.907563 0 1 40.786150
1 573 114585 1428 177344 579 1896 100 13 243 123 570 25 178.000000 84.000000 0.247566 0.897551 0 1 53.869705
1 663 223999 1525 168287 827 2110 78 15 249 149 595 21 200.000000 89.000000 0.278164 0.928702 0 1 53.471640
1 650 264420 1456 167427 623 2023 78 9 197 138 554 15 199.000000 107.000000 0.276773 0.923552 0 1 42.978461
1 745 201648 1570 179058 825 2145 165 36 255 128 579 39 223.000000 36.000000 0.311453 0.855292 0 1 57.188705
1 623 134870 1425 179050 531 1906 137 9 211 124 529 23 235.000000 47.000000 0.326843 0.863770 0 1 43.418589
1 534 112196 1381 162227 530 1751 159 29 222 126 528 30 213.000000 50.000000 0.297071 0.831332 0 1 45.346854
1 2277 1788165 2990 371008 2023 4996 271 35 297 195 684 42 127.000000 185.000000 0.176880 0.897095 0 1 79.417285
1 418 65849 1149 125002 413 1499 63 6 136 126 514 17 263.000000 48.000000 0.365786 0.916401 0 1 40.535237
1 897 423585 1725 209134 1098 2448 169 39 245 142 608 44 230.000000 48.000000 0.321229 0.869184 0 1 55.377302
1 478 139898 1215 132405 496 1587 101 15 127 122 523 25 264.000000 51.000000 0.367177 0.877732 0 1 38.851353
1 938 451286 1731 235661 534 2464 200 21 190 133 578 30 213.000000 77.000000 0.297071 0.848258 0 1 72.995667
1 12322 17309046 6130 470505 10046 11327 7125 74 199 189 781 65 209.000000 89.000000 0.291899 0.227726 0 1 62.534307
1 720 242904 1615 205193 443 2176 154 16 274 120 581 35 212.000000 45.000000 0.294854 0.865953 0 1 57.597458
1 619 156280 1441 191256 733 1900 154 48 180 139 603 41 230.000000 44.000000 0.320781 0.847573 0 1 49.200821
1 844 327244 1656 221949 494 2261 234 20 157 147 598 29 181.000000 121.000000 0.251739 0.810800 0 1 66.350396
1 5014 4573456 5516 660345 3940 9889 636 121 431 233 851 117 147.000000 158.000000 0.205307 0.878727 0 1 130.386850
1 3065 4345371 3280 248656 4800 6209 136 42 203 201 678 59 206.000000 67.000000 0.287710 0.957132 0 1 48.617678
1 940 617561 1703 198942 790 2519 119 12 168 135 542 21 241.000000 36.000000 0.335188 0.908059 0 1 8100.190481
1 1390 418304 2400 372999 1507 3611 174 40 290 209 743 42 160.000000 98.000000 0.222531 0.906860 0 1 69.379259
1 4121 2844161 5356 659004 3460 8391 981 94 871 440 845 269 46.000000 600.000000 0.063978 0.781893 0 1 166.278368
1 8486 8751878 7126 521356 12246 14543 1034 29 887 285 640 322 45.000000 357.000000 0.062587 0.865296 0 1 121.528579
1 979 252858 2353 250621 897 3057 262 17 887 293 592 282 63.000000 259.000000 0.087622 0.838836 0 1 117.479633
1 903 114663 2418 239446 445 2567 696 23 837 338 531 263 48.000000 498.000000 0.066759 0.563385 0 1 103.456420
1 1417 1303067 2226 253281 1897 3363 270 59 276 137 636 60 213.000000 50.000000 0.296657 0.849026 0 1 65.007236
1 559 114615 1343 186300 541 1717 170 15 124 136 516 26 228.000000 37.000000 0.318436 0.813354 0 1 36.788431
1 596 114590 1466 209775 486 1758 280 39 192 129 525 42 200.000000 38.000000 0.278164 0.716780 0 1 47.734774
1 1726 2295037 2315 236044 2612 3889 151 42 154 127 599 36 240.000000 77.000000 0.334262 0.925019 0 1 44.999009
1 572 105065 1414 200754 424 1747 229 8 184 135 539 24 204.000000 59.000000 0.284123 0.764350 0 1 44.625139
1 7817 9777121 6723 606669 7305 14008 510 95 295 180 831 55 111.000000 185.000000 0.154381 0.928336 0 1 94.485169
1 2357 2159347 3385 396758 1750 3497 2187 42 370 168 647 102 139.000000 144.000000 0.193324 0.228143 0 1 74.151246
1 680 88386 1951 210598 592 2419 198 11 580 255 622 89 104.000000 214.000000 0.144645 0.844166 0 1 78.474040
1 617 120918 1439 198756 604 1923 133 12 146 147 576 23 199.000000 61.000000 0.276773 0.870623 0 1 44.143281
1 532 112384 1361 180122 455 1735 148 11 137 136 551 21 199.000000 56.000000 0.276773 0.838352 0 1 37.427127
1 820 279450 1587 195313 915 2210 187 34 179 134 595 34 206.000000 57.000000 0.286509 0.840465 0 1 48.895437
1 421 75308 1192 151946 372 1463 135 2 106 118 511 17 230.000000 66.000000 0.319889 0.823311 0 1 31.357215
1 582 86799 1382 186221 592 1780 171 23 142 122 555 33 230.000000 29.000000 0.322129 0.819246 0 1 42.364978
1 640 155208 1546 253757 496 2036 150 10 248 134 546 35 191.000000 73.000000 0.266017 0.862763 0 1 48.317868
1 455 72649 1181 153044 398 1531 95 4 112 112 506 14 264.000000 25.000000 0.367688 0.877751 0 1 33.317524
1 857 175838 1735 283721 767 2382 200 29 211 137 641 33 227.000000 59.000000 0.318373 0.841821 0 1 59.865952
1 501 90537 1235 162441 399 1621 105 6 109 106 511 17 240.000000 58.000000 0.334728 0.873272 0 1 31.351380
1 572 113280 1325 176617 550 1742 144 13 127 118 530 25 258.000000 36.000000 0.360839 0.842383 0 1 41.463637
1 3557 5623328 3747 327935 5815 7165 139 37 226 129 668 48 215.000000 99.000000 0.300279 0.961939 0 1 57.448121
1 404 66364 1158 162363 375 1445 107 6 104 97 503 18 271.000000 28.000000 0.376912 0.856594 0 1 30.795672
1 4238 2937704 4326 631229 3443 8134 346 6 544 289 386 33 331.000000 71.000000 0.460362 0.909388 0 1 335.608246
1 1334 410517 1964 351944 458 2899 334 10 226 209 50 34 421.000000 24.000000 0.587989 0.777744 0 1 66.824561
1 1395 288482 2121 391395 609 3106 346 21 233 233 88 45 369.000000 18.000000 0.513213 0.784983 0 1 70.348287
1 11283 13710729 9524 1364006 10453 20280 453 49 685 416 584 63 292.000000 61.000000 0.406120 0.952900 0 1 373.118717
1 1945 631217 2690 540817 1225 4178 381 13 293 285 124 46 319.000000 33.000000 0.444909 0.819202 0 1 94.345983
1 1611 444597 2407 502678 844 3533 420 19 249 277 133 40 346.000000 31.000000 0.481894 0.774764 0 1 75.275946
1 1125 237259 1828 324512 302 2580 310 15 213 207 61 36 447.000000 16.000000 0.624302 0.768710 0 1 62.107247
1 1040 207818 1751 315481 189 2481 268 8 204 206 38 27 444.000000 17.000000 0.622721 0.792906 0 1 58.238059
1 1466 423900 2136 497290 736 3276 277 12 234 243 88 32 410.000000 29.000000 0.572626 0.832593 0 1 68.472648
1 1990 781748 2557 453199 1095 4193 286 3 322 234 164 26 410.000000 17.000000 0.570236 0.859248 0 1 167.107925
1 1135 216402 1874 331394 356 2643 317 18 215 221 84 35 436.000000 15.000000 0.606398 0.773014 0 1 62.064482
1 1076 218919 1745 315021 284 2547 227 8 209 208 58 27 469.000000 14.000000 0.653203 0.822403 0 1 61.076812
1 1817 1332658 2255 363223 1456 3754 276 18 216 205 50 27 427.000000 24.000000 0.594707 0.854126 0 1 62.353161
1 1038 196718 1709 309319 243 2494 215 6 206 204 62 22 452.000000 16.000000 0.631285 0.829632 0 1 59.466377
1 1140 218252 1828 338590 379 2679 247 12 207 206 39 28 447.000000 23.000000 0.624302 0.819407 0 1 61.434880
1 1142 231383 1918 341427 370 2653 358 24 216 215 72 38 398.000000 19.000000 0.554318 0.750000 0 1 61.920685
1 1156 247112 1904 339980 364 2655 349 23 216 207 67 39 414.000000 18.000000 0.575800 0.753595 0 1 61.926936
1 1134 225884 1920 339231 420 2706 303 26 224 222 104 32 432.000000 13.000000 0.605891 0.786837 0 1 63.982855
1 1036 194770 1702 313368 227 2480 221 9 204 201 59 25 455.000000 14.000000 0.635475 0.825055 0 1 58.889020
1 5799 5777613 5433 950592 4969 10452 698 195 413 324 317 83 429.000000 30.000000 0.596662 0.868412 0 1 120.745200
1 8966 9877154 8172 1368256 8051 16426 602 64 533 430 647 78 276.000000 135.000000 0.387097 0.923328 0 1 275.731061
1 1457 322403 2188 403091 846 3204 378 25 247 233 134 54 392.000000 21.000000 0.549790 0.775309 0 1 71.825801
1 1189 296509 1896 339102 367 2755 287 4 212 209 58 30 406.000000 19.000000 0.567039 0.800000 0 1 60.553849
1 1332 318106 2022 355714 595 2983 314 13 231 218 84 39 393.000000 36.000000 0.547354 0.795766 0 1 69.552122
1 1040 193052 1726 322928 202 2438 269 16 200 204 37 30 447.000000 15.000000 0.624302 0.784165 0 1 57.961849
1 1065 216868 1776 318499 264 2558 240 4 210 204 64 24 442.000000 16.000000 0.616457 0.815910 0 1 60.550338
1 4527 4858770 2287 387820 634 2914 3825 31 229 215 77 50 415.000000 30.000000 0.577191 0.133695 0 1 65.612240
1 12450 13384687 9193 1439204 8359 16882 4629 119 533 431 503 114 212.000000 90.000000 0.294854 0.566141 0 1 156.931957
1 11570 9523116 11663 2018172 12773 21700 1423 191 873 511 842 130 143.000000 247.000000 0.198887 0.872767 0 1 298.959824
1 10466 12011143 9975 1134726 9648 19920 447 21 543 313 477 61 317.000000 75.000000 0.440890 0.952644 0 1 325.894999
1 3130 1985926 3619 646173 2342 6371 337 28 382 230 261 34 377.000000 29.000000 0.524339 0.894058 0 1 214.443631
1 5757 2979247 6899 1501916 5139 11814 762 137 859 316 799 76 264.000000 71.000000 0.367177 0.873262 0 1 459.231143
1 2155 730817 3221 567830 1320 4660 644 47 414 364 238 90 315.000000 50.000000 0.441176 0.747024 0 1 96.041712
1 1175 283504 1842 329327 350 2654 310 8 208 200 50 26 415.000000 16.000000 0.577191 0.776931 0 1 59.180776
1 2198 1619226 2698 620209 1902 4379 425 43 233 217 76 46 397.000000 27.000000 0.553696 0.807598 0 1 67.997758
1 14325 14702832 14473 2108382 14571 27901 822 128 1126 399 953 99 224.000000 88.000000 0.311544 0.940308 0 1 649.048900
1 5225 2276047 5975 1298355 5328 10105 983 136 591 594 818 124 249.000000 147.000000 0.346314 0.814464 0 1 148.906104
1 1124 231192 1906 341924 296 2607 370 24 215 215 38 36 387.000000 23.000000 0.538248 0.738284 0 1 61.919352
1 1014 185351 1644 300288 150 2412 212 4 202 198 29 23 460.000000 21.000000 0.639777 0.827690 0 1 58.311662
1 4267 5986805 4896 535976 6267 8668 448 18 224 217 31 38 380.000000 23.000000 0.528512 0.897086 0 1 64.662586
1 1054 214887 1797 319753 195 2551 256 5 270 203 30 29 418.000000 19.000000 0.581363 0.804981 0 1 65.048709
1 1087 200479 1948 346285 255 2634 352 21 327 203 41 39 383.000000 19.000000 0.532684 0.751895 0 1 72.979735
1 1129 223956 1904 342389 323 2622 357 21 257 212 43 42 416.000000 26.000000 0.578581 0.746785 0 1 64.797660
1 1019 203970 1754 338424 141 2454 275 6 237 198 12 28 420.000000 30.000000 0.584145 0.785792 0 1 58.120346
1 1025 191339 1731 320068 169 2446 260 9 238 197 15 28 431.000000 33.000000 0.599444 0.793178 0 1 59.206366
1 6450 3459716 6925 1570075 5235 11781 1527 181 696 488 639 94 236.000000 77.000000 0.328234 0.766654 0 1 163.155069
1 1134 211675 2385 406090 262 2946 524 15 520 225 65 49 220.000000 33.000000 0.305981 0.688264 0 1 89.175651
1 1176 258890 2357 388834 350 2978 505 20 504 215 57 46 211.000000 43.000000 0.293463 0.699972 0 1 89.066942
1 1066 202240 2160 369722 219 2783 408 15 488 204 28 28 249.000000 40.000000 0.346314 0.736206 0 1 85.007564
1 1058 221392 2152 367778 180 2743 416 10 487 201 23 30 253.000000 40.000000 0.351878 0.724922 0 1 8180.895765
1 1022 193539 2113 358608 185 2682 397 8 484 196 30 31 250.000000 39.000000 0.347705 0.728868 0 1 2923.033723
1 1125 224351 2261 388676 234 2892 453 19 504 208 35 38 250.000000 32.000000 0.347705 0.720319 0 1 88.310480
1 1144 251466 2351 395721 341 2931 513 20 521 213 39 43 192.000000 59.000000 0.267038 0.691845 0 1 89.796236
1 1121 217980 2269 390850 293 2818 522 16 485 202 34 40 215.000000 54.000000 0.299026 0.677286 0 1 86.745791
1 1876 1323460 2841 433188 1423 4202 467 23 591 208 23 36 217.000000 56.000000 0.301808 0.791817 0 1 95.300217
1 1104 214008 2401 399038 255 3007 445 13 660 208 44 31 189.000000 56.000000 0.262865 0.730956 0 1 103.462959
1 1089 225991 2304 385002 226 2879 469 18 563 205 36 37 225.000000 28.000000 0.312935 0.710286 0 1 93.236528
1 1301 452591 2415 385434 611 3205 451 28 542 201 59 43 219.000000 43.000000 0.304590 0.741120 0 1 92.822599
1 1153 249786 2255 382162 311 2908 461 15 498 202 38 38 233.000000 48.000000 0.324061 0.718016 0 1 87.983712
1 1061 206585 2225 378761 178 2786 452 11 521 203 16 33 218.000000 49.000000 0.303199 0.710286 0 1 90.253301
1 11414 6111737 14471 2512115 10779 18910 6791 352 1720 441 1356 447 9.000000 666.000000 0.012517 0.468186 0 1 299.098200
1 1726 740502 4726 596161 1597 3166 3276 52 1132 83 233 322 56.000000 266.000000 0.077886 0.017049 0 1 125.794585
1 15570 13999231 16573 2333824 15689 28291 3842 187 1325 303 1301 330 3.000000 720.000000 0.004172 0.760632 0 1 220.067135
1 5900 2901444 8611 2348079 5476 8306 6194 166 1279 194 578 364 11.000000 720.000000 0.015299 0.145545 0 1 174.886806
1 4802 365822 7635 4342227 366 1394 11043 15 953 22 81 274 8.000000 720.000000 0.011127 0.775830 0 1 96.890850
1 3320 475368 6253 2760704 741 1574 7982 39 731 29 118 287 9.000000 720.000000 0.012517 0.669383 0 1 76.126221
1 1002 97737 3635 562668 333 1101 3526 18 674 18 55 264 13.000000 712.000000 0.018081 0.522967 0 1 70.463449
1 487 35311 869 343874 101 208 1146 4 90 6 27 171 288.000000 115.000000 0.718204 0.691740 0 1 10.245053
1 17878 3532852 20464 10178495 4995 9224 28935 176 1221 192 688 366 47.000000 517.000000 0.065369 0.514084 0 1 184.416706
1 5142 1168287 8043 3268733 2082 4781 8388 105 1083 104 375 332 25.000000 451.000000 0.034771 0.273568 0 1 122.993419
1 12466 13935985 12584 2329503 12616 19815 5159 118 1135 176 507 368 25.000000 368.000000 0.034771 0.585070 0 1 163.245404
1 10274 6100737 11936 2593846 9764 17183 5016 276 1866 353 1042 386 4.000000 720.000000 0.005563 0.547816 0 1 6372.181347
1 7200 7369218 10041 1360073 11309 13329 3894 203 1103 125 461 325 4.000000 720.000000 0.005563 0.547242 0 1 143.079918
1 3480 1069443 6459 2263503 2550 3694 6184 70 888 83 324 328 2.000000 720.000000 0.002782 0.250528 0 1 100.230847
1 4109 671487 7532 2962517 1149 3313 8315 51 1433 63 197 315 1.000000 720.000000 0.001391 0.429688 0 1 152.992942
1 7382 3863775 10562 2904427 6729 10890 7044 362 1366 189 730 395 4.000000 720.000000 0.005563 0.214333 0 1 203.564978
1 20215 13475605 23450 4251464 22013 36437 7191 771 2345 724 2600 563 -1.000000 720.000000 -0.001391 0.669781 0 1 433.329428
1 6851 3295494 10595 1884715 5113 11752 5660 202 2021 249 889 438 1.000000 720.000000 0.001391 0.349192 0 1 265.437032
1 2989 891791 6008 1022609 2164 4521 4448 91 1000 117 450 417 8.000000 720.000000 0.011127 0.008114 0 1 117.272734
1 8611 5762205 9936 3656213 6666 9200 9327 38 400 91 329 321 1.000000 720.000000 0.001391 0.006847 0 1 74.195673
1 7559 537587 10273 7003769 712 1513 16313 31 683 31 126 328 3.000000 720.000000 0.004172 0.829969 0 1 77.402609
1 3423 491336 5827 2264941 710 1568 7666 43 394 32 126 327 7.000000 720.000000 0.009736 0.659243 0 1 47.768951
1 6061 532431 8115 5141613 863 1602 12567 25 158 28 92 303 9.000000 720.000000 0.012517 0.773490 0 1 22.368417
1 5074 615027 7185 4347906 797 1268 10978 37 179 46 139 310 17.000000 402.000000 0.023644 0.792071 0 1 26.932778
1 2158 163342 4421 815666 190 450 6062 19 172 12 44 301 4.000000 720.000000 0.005563 0.853017 0 1 22.900394
1 12526 831233 14455 10668946 406 705 26074 24 141 37 101 323 4.000000 720.000000 0.005563 0.940254 0 1 22.275064
1 3871 277283 6077 2459491 244 518 9342 11 148 10 61 299 3.000000 720.000000 0.004172 0.887012 0 1 19.502098
1 9506 658237 11578 8021159 291 574 20419 13 142 15 59 303 5.000000 720.000000 0.006954 0.941235 0 1 20.269139
1 7136 575488 8957 5661548 638 997 14913 33 164 32 136 325 3.000000 720.000000 0.004172 0.864724 0 1 23.775855
1 9319 607840 11231 8036581 237 471 19939 17 127 13 58 307 3.000000 720.000000 0.004172 0.947348 0 1 16.362462
1 10269 3752475 12522 6286910 2635 5217 17444 20 181 43 101 318 0.000000 720.000000 0.000000 0.536484 0 1 29.470521
1 4760 361358 6977 3514971 299 596 11105 11 133 17 57 304 4.000000 720.000000 0.005563 0.895374 0 1 18.356080
1 6463 436657 8437 4693135 265 610 14128 20 229 24 60 321 5.000000 720.000000 0.006954 0.907248 0 1 26.332596
1 10913 778139 12945 9050077 559 1043 22625 43 318 24 126 331 -1.000000 720.000000 -0.001391 0.904602 0 1 35.430033
1 20330 1316126 22203 18871168 255 712 41714 11 299 21 52 325 -1.000000 720.000000 -0.001391 0.964004 0 1 35.100758
1 9012 6570978 10005 3447290 5840 6515 12411 35 211 40 97 355 0.000000 662.000000 0.000000 0.310038 0 1 32.269537
1 22989 22948932 21064 8837303 21865 22224 21782 26 188 24 94 331 0.000000 720.000000 0.000000 0.010033 0 1 22.332853
1 25751 1622269 27476 25208686 272 607 52553 10 202 17 66 324 -1.000000 720.000000 -0.001391 0.975933 0 1 24.204264
1 8792 726429 10753 6029746 766 1092 18306 30 168 31 161 372 0.000000 720.000000 0.000000 0.880737 0 1 26.053320
1 14301 966897 16097 12907662 306 627 29667 19 147 28 60 334 4.000000 720.000000 0.005563 0.955326 0 1 18.339664
1 12561 825709 14314 11157462 390 695 26049 26 164 28 83 339 6.000000 720.000000 0.008345 0.943405 0 1 20.155607
1 14535 989173 16280 12705656 450 729 29922 21 139 31 105 335 0.000000 720.000000 0.000000 0.947363 0 1 17.062446
1 13652 878793 15384 11741730 259 500 28371 11 137 20 62 351 -1.000000 720.000000 -0.001391 0.959877 0 1 16.047866
1 17298 1141147 18829 15210361 495 791 35232 23 164 23 131 365 0.000000 720.000000 0.000000 0.953331 0 1 20.797017
1 15453 997724 17111 13387174 237 495 31938 7 131 13 57 349 1.000000 720.000000 0.001391 0.965575 0 1 14.770959
1 13546 892833 15136 11431773 348 641 27881 19 151 20 80 355 -1.000000 720.000000 -0.001391 0.949725 0 1 19.591143
1 683 81605 939 99497 565 1166 456 240 10 7 10 15 294.000000 49.000000 0.408901 0.437731 0 1 18611.949928
1 602 73699 911 175533 508 1114 399 222 17 8 22 14 338.000000 44.000000 0.485632 0.472571 0 1 19449.926414
1 112 29744 152 26813 73 146 103 28 13 4 11 13 706.000000 13.000000 0.981919 0.162879 0 1 17201.809347
1 1032 146034 1852 138536 833 1370 1513 798 49 42 45 39 222.000000 148.000000 0.308762 0.049584 0 1 71.253844
1 629 84169 903 82434 512 1042 474 232 13 14 18 19 397.000000 36.000000 0.552156 0.370757 0 1 14089.351405
1 1631 897567 1459 240132 1584 2924 166 96 6 6 0 8 364.000000 72.000000 0.507671 0.892557 0 1 0.500071
1 516 46265 632 45686 479 984 164 96 0 0 0 10 396.000000 15.000000 0.551532 0.714286 0 0 0.000000
1 489 43245 565 41510 480 985 69 30 0 0 0 9 420.000000 15.000000 0.585774 0.869070 0 0 0.000000
1 891 547397 1046 164913 581 1669 268 120 24 4 21 18 416.000000 39.000000 0.578581 0.723283 0 1 37.518050
1 1380 1527498 1555 184480 2011 2574 348 136 68 44 223 27 450.000000 40.000000 0.641026 0.758433 0 1 7731.800560
1 150 86954 138 27046 270 270 18 7 15 17 4 12 690.000000 4.000000 0.978723 0.875000 0 1 4.320495
1 12928 15710632 10840 1526194 17259 22815 916 316 549 497 531 96 299.000000 95.000000 0.416435 0.921365 0 1 4789.460623
1 1964 716825 2197 391168 2443 3546 610 301 119 221 112 24 310.000000 75.000000 0.431154 0.705600 0 1 90.201337
1 4983 3295829 5066 1008893 5037 9213 826 436 87 86 61 19 295.000000 172.000000 0.411437 0.834610 0 1 82.168002
1 4336 3029346 4478 820174 4647 7589 1202 558 142 160 184 61 361.000000 121.000000 0.502086 0.724643 0 1 6521.311358
1 12852 14012386 8593 1300720 7595 9643 11775 349 395 473 419 163 308.000000 115.000000 0.428969 0.099417 0 1 4931.574399
1 6062 3120816 11094 10184712 5286 9540 7616 354 45 35 16 18 212.000000 59.000000 0.295265 0.112147 0 1 6560.421156
1 3300 1328869 9105 9481147 2567 4647 7736 355 24 43 20 34 296.000000 68.000000 0.411683 0.249013 0 1 8945.711095
1 5245 3355792 5193 1087643 5301 8852 1564 784 129 105 146 46 204.000000 109.000000 0.283727 0.698218 0 1 7607.227736
1 943 150611 1523 142683 970 1595 871 459 40 23 59 21 229.000000 65.000000 0.318498 0.293593 0 1 49.175648
1 277 48662 481 63168 181 436 304 120 11 9 19 15 566.000000 28.000000 0.787204 0.174142 0 1 21055.280816
1 4364 5333097 4099 604723 4868 7862 573 181 226 219 239 68 563.000000 101.000000 0.783032 0.861279 0 1 4670.786150
1 982 211964 1319 368052 2057 2194 107 70 213 208 245 35 418.000000 75.000000 0.582173 0.906997 0 1 56.687344
1 514 224525 626 102400 856 1003 130 35 80 67 89 46 601.000000 15.000000 0.840559 0.765789 0 1 21.162433
1 478 216259 535 109716 797 934 79 34 64 76 72 32 512.000000 12.000000 0.784073 0.844028 0 1 17.963695
1 1252 998972 1152 355392 1755 2352 52 9 113 186 112 23 491.000000 34.000000 0.756549 0.956739 0 1 31.979010
1 108 105188 55 25027 0 144 14 0 10 0 6 5 646.000000 4.000000 0.971429 0.797546 0 1 22656.840020
1 280 64484 236 141777 39 482 24 0 39 16 44 6 653.000000 11.000000 0.930199 0.887597 0 1 22777.406894
1 22 4658 21 16644 0 34 9 0 2 0 4 4 484.000000 3.000000 0.983740 0.581395 0 1 0.500004
1 62 15581 41 28435 0 90 13 0 5 0 10 6 615.000000 3.000000 0.976190 0.747573 0 1 0.400001
1 87 22419 85 50540 0 147 20 0 16 11 10 8 660.000000 5.000000 0.962099 0.738372 0 1 22980.713101
1 248 53753 229 136401 0 423 50 0 21 45 42 9 636.000000 22.000000 0.940828 0.781971 0 1 0.494872
1 41 8028 36 18334 0 41 31 10 2 0 4 6 587.000000 3.000000 0.975083 0.129870 0 1 0.001955
1 104 104770 47 24361 0 141 10 0 4 0 8 4 538.000000 3.000000 0.974638 0.867550 0 1 2247.335642
1 53 14826 39 28970 0 82 10 0 2 6 4 4 468.000000 2.000000 0.975000 0.782609 0 1 0.001955
1 32 8152 25 20597 0 44 13 0 2 1 3 4 590.000000 3.000000 0.978441 0.543860 0 1 0.500004
1 36 9949 26 23145 0 56 6 0 2 0 4 4 665.000000 2.000000 0.988113 0.806452 0 1 0.001955
1 12 3255 10 9648 0 18 4 0 1 0 0 2 646.000000 1.000000 0.995377 0.636364 0 1 0.003910
1 22 6590 16 13497 0 36 2 0 1 0 3 3 446.000000 2.000000 0.988913 0.894737 0 1 0.003910
1 12 3255 11 10347 0 18 5 0 1 0 0 3 645.000000 1.000000 0.993837 0.565217 0 1 0.003910
1 22 6590 16 13497 0 36 2 0 1 0 3 3 376.000000 2.000000 0.986877 0.894737 0 1 0.003910
1 87 12894 66 25358 61 149 4 0 10 14 20 2 672.000000 4.000000 0.976744 0.947712 0 1 1876.635683
1 32 9625 24 22903 0 54 2 0 2 0 4 3 545.000000 2.000000 0.989111 0.928571 0 1 0.001955
1 31 7500 28 25822 0 52 7 0 3 0 4 4 653.000000 3.000000 0.987897 0.762712 0 1 0.471406
1 2 158 3 225 0 3 2 0 0 0 1 2 459.000000 1.000000 0.995662 0.200000 0 0 0.000000
1 91 17177 83 64838 0 152 22 0 11 3 18 4 641.000000 3.000000 0.972686 0.747126 0 1 0.497930
1 9 714 9 789 0 8 10 0 0 0 4 3 483.000000 1.000000 0.987730 0.111111 0 0 0.000000
1 18 3685 16 10128 0 22 12 0 1 0 2 3 690.000000 2.000000 0.987124 0.294118 0 1 0.003910
1 32 6123 31 23044 0 44 19 0 3 1 5 4 625.000000 3.000000 0.976562 0.396825 0 1 0.471406
1 108 45016 85 63589 0 167 26 0 10 4 15 3 685.000000 5.000000 0.970255 0.730570 0 1 1556.766639
1 321 130953 267 139983 33 514 60 0 32 43 42 10 636.000000 10.000000 0.887029 0.772109 0 1 20810.495647
1 54 31527 47 21860 0 72 24 0 9 1 6 5 699.000000 2.000000 0.972184 0.475248 0 1 23927.772978
1 77 57508 52 13106 0 107 12 0 15 3 5 4 685.000000 3.000000 0.974395 0.736434 0 1 22067.566371
1 54 13810 38 27471 0 82 10 0 4 0 8 5 545.000000 1.000000 0.980216 0.782609 0 1 0.000977
1 68 16203 52 40275 0 105 15 0 6 1 12 6 654.000000 3.000000 0.976119 0.750000 0 1 0.471405
1 121 22555 100 73786 26 201 20 0 15 0 30 3 683.000000 7.000000 0.971550 0.819005 0 1 1302.158875
1 60 14051 42 27659 0 93 9 0 6 0 10 5 699.000000 1.000000 0.983122 0.823529 0 1 0.000652
1 97 135028 28 1901 0 108 12 0 6 0 4 4 664.000000 1.000000 0.983704 0.768000 0 1 14762.892235
1 273 812283 260 39296 13 514 14 0 10 0 10 4 641.000000 5.000000 0.965361 0.938086 0 1 26200.708784
1 37 10008 29 23975 0 55 11 0 2 0 4 5 604.000000 1.000000 0.983713 0.666667 0 1 0.001955
1 69 52689 42 17351 0 92 14 0 9 0 8 4 704.000000 4.000000 0.979138 0.702703 0 1 18921.711279
1 59 35224 34 23383 0 86 2 0 9 0 2 5 691.000000 1.000000 0.987143 0.903226 0 1 21308.052901
1 13 3299 12 9752 0 21 4 0 1 0 2 2 625.000000 1.000000 0.993641 0.680000 0 1 0.003910
1 31 9489 29 27244 0 53 7 0 2 0 4 4 367.000000 2.000000 0.976064 0.766667 0 1 0.001955
1 14 3351 12 9752 0 22 4 0 1 0 2 2 625.000000 1.000000 0.993641 0.692308 0 1 0.003910
1 14 3351 12 9752 0 22 4 0 1 0 2 2 625.000000 1.000000 0.993641 0.692308 0 1 0.003910
1 13 3299 12 9752 0 21 4 0 1 0 2 2 625.000000 1.000000 0.993641 0.680000 0 1 0.003910
1 39 5212 45 11785 0 21 53 34 1 0 2 4 703.000000 5.000000 0.981844 0.380952 0 1 0.003910
2 181 16799 226 23368 0 42 263 190 21 0 2 8 593.000000 9.000000 0.881129 0.542998 0 2 6800.529430
2 53 7524 112 17052 11 37 89 77 16 0 2 8 595.000000 18.000000 0.945946 0.315152 0 2 7740.389387
1 6 504 6 478 0 0 10 4 0 0 0 3 596.000000 1.000000 0.993333 0.833333 0 0 0.000000
1 2 212 2 242 0 0 4 0 0 0 0 1 598.000000 1.000000 0.996667 1.000000 0 0 0.000000
1 1754 1121684 1856 294250 2370 3394 216 107 188 40 304 77 433.000000 45.000000 0.602225 0.880332 0 1 46.164449
1 8853 7511271 8951 1358922 11263 17414 385 204 476 182 1069 75 215.000000 221.000000 0.299026 0.956470 0 1 121.075382
1 5218 3108308 5171 881525 7196 9742 624 306 445 165 1016 86 373.000000 104.000000 0.518776 0.877659 0 1 123.261086
1 6663 5770451 6353 870613 10409 12624 389 195 550 144 1071 112 362.000000 44.000000 0.507714 0.939997 0 1 1201.473892
1 2206 1561175 2118 323533 3263 4266 58 29 208 50 324 39 508.000000 33.000000 0.726753 0.973173 0 1 46.974097
1 7165 9420938 5932 902593 11686 12662 435 123 277 80 491 82 414.000000 42.000000 0.581461 0.933573 0 1 4491.096062
1 506 106848 563 409815 658 1045 24 12 38 19 72 22 547.000000 41.000000 0.760779 0.955098 0 1 10.379502
1 10160 4696325 10274 1658724 11652 20043 391 124 780 299 1445 105 320.000000 162.000000 0.445682 0.961730 0 1 3667.582901
1 10835 10764570 11270 1807981 17049 21582 523 214 2003 198 1263 155 210.000000 39.000000 0.292072 0.952680 0 1 298.489941
1 772 517054 1374 194743 856 2040 106 53 642 19 107 57 384.000000 27.000000 0.534819 0.901212 0 1 71.443892
1 410 200625 556 106746 519 859 107 42 141 10 70 41 539.000000 8.000000 0.750696 0.778468 0 1 19.839999
1 1316 1500585 1014 120058 1416 2291 39 18 103 12 70 33 534.000000 31.000000 0.747899 0.966524 0 1 16.167238
1 786 788851 791 93461 835 1479 98 25 80 10 64 36 535.000000 19.000000 0.746165 0.875713 0 1 13.106529
1 2765 3883940 2024 208291 2677 4719 70 27 130 8 148 42 519.000000 12.000000 0.728933 0.970766 0 1 24.130053
1 3771 4812176 2641 292822 3894 6366 46 22 94 19 120 36 438.000000 148.000000 0.610028 0.985652 0 1 18.045589
1 841 590837 851 126335 985 1591 101 42 88 18 116 36 519.000000 19.000000 0.721836 0.880615 0 1 16.906586
1 289 126975 342 58519 346 598 33 16 56 6 38 28 596.000000 7.000000 0.845390 0.895404 0 1 8.060043
1 449 136409 550 85919 582 921 78 36 78 19 75 42 551.000000 16.000000 0.773876 0.843844 0 1 14.206887
1 5269 2089566 5440 786017 5545 10373 336 164 814 217 918 96 369.000000 60.000000 0.513213 0.937249 0 1 133.738377
1 11592 10757146 12051 2032631 15831 23143 500 256 2165 262 1474 136 261.000000 99.000000 0.363004 0.957704 0 1 1608.366785
1 496 164466 657 185436 634 1114 39 19 196 21 91 43 555.000000 22.000000 0.782793 0.932350 0 1 25.164388
1 33 5859 0 0 17 33 0 0 0 0 0 0 623.000000 0.000000 1.000000 1.000000 0 0 0.000000
1 1951 2027419 2375 344305 3608 4262 64 33 83 92 379 64 497.000000 34.000000 0.694134 0.970411 0 1 21.824476
1 393 311546 389 84842 637 753 29 14 25 7 47 23 593.000000 12.000000 0.832865 0.925831 0 1 6.490116
1 2215 815305 2363 1176577 2570 4344 234 117 193 83 468 64 532.000000 19.000000 0.744056 0.897772 0 1 54.197022
1 1693 2004075 1393 184485 2089 2992 86 23 62 17 121 35 548.000000 32.000000 0.771831 0.941672 0 1 19.018283
1 1343 1507501 1094 136098 2147 2364 73 36 52 17 103 37 556.000000 38.000000 0.778711 0.940090 0 1 13.941286
1 310 127825 341 60550 441 620 31 15 20 7 48 24 603.000000 7.000000 0.850494 0.904762 0 1 5.448624
1 204 42228 247 38767 337 416 35 17 25 10 44 23 634.000000 9.000000 0.884240 0.844789 0 1 7.705167
1 1292 1088047 1276 244281 2017 2467 101 55 103 40 215 49 495.000000 20.000000 0.692308 0.921340 0 1 59.699331
1 482 222484 521 140855 668 952 51 25 38 19 74 35 603.000000 10.000000 0.838665 0.898305 0 1 10.965856
1 282 89941 344 56503 455 538 88 37 33 12 62 35 627.000000 7.000000 0.874477 0.718850 0 1 8.951969
1 386 167487 430 62141 676 784 32 17 37 17 101 27 600.000000 9.000000 0.845070 0.921569 0 1 11.925812
1 516 202737 562 99247 786 1021 57 28 55 21 95 30 582.000000 13.000000 0.811715 0.894249 0 1 15.330885
1 573 320299 617 89551 838 1126 64 33 41 19 76 28 543.000000 10.000000 0.755216 0.892437 0 1 11.034207
1 1097 669017 1064 159730 1535 2105 56 28 55 28 99 31 400.000000 26.000000 0.559441 0.948172 0 1 16.035250
1 10575 6378840 10546 1546019 13234 20761 360 180 1094 322 1815 110 295.000000 96.000000 0.410864 0.965911 0 1 2494.725858
1 329 101914 415 73576 455 700 44 24 34 24 85 25 541.000000 15.000000 0.756643 0.881720 0 1 9.276976
1 7598 6021403 7089 1160726 10572 14138 549 280 507 197 1056 80 416.000000 66.000000 0.578581 0.925240 0 1 130.084770
1 1602 832580 1719 270949 2637 3102 211 105 188 53 386 60 544.000000 34.000000 0.762973 0.870521 0 1 50.667070
1 6863 3831429 6141 1715140 8021 12847 157 78 476 236 957 58 404.000000 65.000000 0.561891 0.975854 0 1 132.790593
1 11918 11517285 9221 1208535 13566 20921 218 96 374 182 885 67 468.000000 64.000000 0.651811 0.979375 0 1 105.566613
1 883 453048 910 675376 1054 1743 50 27 35 38 89 47 561.000000 30.000000 0.780250 0.944228 0 1 12.022224
1 11362 10109525 10109 2063323 16953 20631 840 427 834 278 1796 158 468.000000 127.000000 0.650904 0.921755 0 1 2250.981499
1 1426 678845 1646 349095 1442 2957 105 27 277 74 218 26 441.000000 36.000000 0.614206 0.928385 0 1 38.863625
1 2444 1688700 2919 340831 3380 5098 255 78 390 99 359 56 313.000000 74.000000 0.436541 0.903039 0 1 68.204154
1 874 872410 1070 124462 991 1821 113 30 238 22 83 27 474.000000 37.000000 0.663866 0.878601 0 1 29.018390
1 940 1048383 1092 117728 1557 1882 150 16 260 23 98 34 431.000000 31.000000 0.601116 0.852362 0 1 31.141426
1 4100 3900233 3970 857263 6113 7891 169 55 469 96 343 47 266.000000 66.000000 0.370990 0.956877 0 1 4206.789154
1 2423 1283598 2484 397131 2641 4746 151 46 425 107 344 38 316.000000 61.000000 0.440725 0.936417 0 1 62.730559
1 6005 4175773 6054 893837 6108 11725 324 116 654 182 678 63 173.000000 119.000000 0.240947 0.945435 0 1 111.045490
1 6656 3050163 6547 1256648 6838 12965 228 83 788 335 935 59 158.000000 138.000000 0.220056 0.964705 0 1 139.877042
1 5948 4463710 5144 1231542 7054 10775 317 103 604 266 645 66 251.000000 61.000000 0.349582 0.942842 0 1 118.659281
1 114 15697 501 39032 240 559 46 7 322 21 59 20 408.000000 31.000000 0.567455 0.834146 0 1 35.942332
1 102 20487 469 40736 205 500 60 6 301 11 58 17 430.000000 24.000000 0.599721 0.770578 0 1 31.484570
1 229 107549 673 72295 360 820 72 20 326 30 72 30 388.000000 56.000000 0.540390 0.829268 0 1 36.782877
1 108 34154 459 35760 190 515 42 5 306 14 40 19 443.000000 12.000000 0.616134 0.834215 0 1 32.599159
1 566 720057 797 65260 904 1250 113 17 308 22 65 27 403.000000 26.000000 0.560501 0.834189 0 1 34.880614
1 3923 2396926 4055 647405 4443 7771 197 59 544 165 449 53 276.000000 69.000000 0.384401 0.949361 0 1 99.975239
1 3163 2370377 3566 420116 3732 6488 231 62 463 149 532 64 187.000000 99.000000 0.260083 0.929856 0 1 74.167432
1 136 26336 599 43519 202 654 71 14 391 13 60 27 388.000000 19.000000 0.539638 0.793197 0 1 40.226200
1 58377 91507829 44617 2567458 98508 102809 185 64 384 118 318 49 141.000000 96.000000 0.316143 0.996408 0 1 69.524055
1 86749 142197444 68355 3554048 154401 154988 106 15 405 41 72 33 258.000000 170.000000 0.358832 0.998569 0 1 45.700039
1 127 21227 562 40624 217 623 56 12 381 20 44 21 380.000000 14.000000 0.529248 0.822932 0 1 40.289845
1 113 24782 581 39712 224 633 51 10 383 15 62 22 399.000000 19.000000 0.556485 0.838617 0 1 39.364818
1 938 938569 1531 267173 1099 2353 116 28 438 65 92 41 367.000000 38.000000 0.511855 0.906035 0 1 54.495197
1 221 56285 505 73072 439 647 69 9 164 20 95 21 515.000000 22.000000 0.717270 0.796143 0 1 19.767855
1 4596 2473491 4818 605990 2765 9211 195 52 591 173 793 63 361.000000 165.000000 0.502086 0.957723 0 1 247.578832
1 1153 379190 1140 203694 162 2207 77 4 147 14 361 15 470.000000 29.000000 0.661041 0.928914 0 1 153.490968
1 74 10429 119 16919 93 147 36 2 12 7 25 10 642.000000 5.000000 0.926407 0.575130 0 1 6.233311
1 340 73372 524 103874 367 748 116 5 56 20 173 16 535.000000 16.000000 0.744089 0.731481 0 1 45.555524
1 18375 24002186 11614 1290308 22743 29750 229 34 282 42 549 26 135.000000 266.000000 0.189341 0.984394 0 1 295.506651
1 1531 1296830 1149 202932 390 2587 84 10 59 25 137 21 502.000000 28.000000 0.698192 0.933955 0 1 44.007938
1 14122 16910291 10699 1284794 6998 24512 301 116 457 200 857 72 177.000000 201.000000 0.246175 0.975424 0 1 156.540485
1 26395 33016354 14903 845421 1448 41235 53 8 20 23 85 24 80.000000 264.000000 0.111266 0.997191 0 1 6.796139
1 74128 75111840 40304 2118380 317 114367 65 7 48 31 110 18 14.000000 489.000000 0.019471 0.998864 0 1 42.898539
1 77666 80174519 40876 2268795 229 118475 56 2 53 17 112 12 8.000000 720.000000 0.011127 0.998962 0 1 44.580222
1 39628 40776269 20213 1145435 273 59785 46 3 40 35 148 15 45.000000 398.000000 0.062587 0.998295 0 1 32.973625
1 47261 48812873 23911 1245799 312 71089 73 10 49 35 102 21 69.000000 411.000000 0.095967 0.997808 0 1 34.273783
1 76059 77084887 34006 1858814 422 109995 60 6 53 43 125 17 -1.000000 720.000000 -0.001391 0.998819 0 1 45.219940
1 76497 75700102 32395 1588728 153 108826 56 1 13 16 47 12 18.000000 394.000000 0.025035 0.998880 0 1 4.597401
1 77713 77586822 33999 1754535 216 111679 33 1 75 43 200 9 5.000000 673.000000 0.006954 0.999409 0 1 73.611030
1 76906 77657315 32880 1612634 170 109695 81 4 33 15 83 20 5.000000 644.000000 0.006954 0.998433 0 1 15.147272
1 39325 37795072 16216 898789 239 55489 42 5 33 24 76 15 50.000000 593.000000 0.069541 0.998308 0 1 20.342657
1 72872 73697949 29643 1868727 345 102445 60 5 38 24 111 16 0.000000 720.000000 0.000000 0.998732 0 1 27.289968
1 79390 72914487 36514 1846307 209 115835 59 4 40 16 92 17 29.000000 354.000000 0.040334 0.998896 0 1 29.197335
1 84434 77799179 34056 1689989 216 118457 33 0 25 26 101 8 -1.000000 720.000000 -0.001391 0.999443 0 1 11.998400
1 72567 73190878 31332 1547074 159 103844 45 4 22 16 60 14 22.000000 416.000000 0.030598 0.999038 0 1 15.845131
1 95439 77466312 40710 1974567 203 136098 40 3 22 13 54 13 6.000000 669.000000 0.008345 0.999332 0 1 7.357601
1 71443 70883907 28401 1422878 227 99788 46 2 68 18 160 13 -1.000000 720.000000 -0.001391 0.998978 0 1 65.935122
1 83533 83922812 39056 2082857 170 122533 46 3 21 29 91 13 2.000000 508.000000 0.002782 0.999168 0 1 12.354183
1 61945 63228910 27274 1342799 180 89187 32 2 15 11 57 10 5.000000 416.000000 0.006954 0.999283 0 1 5.623759
1 67870 71162484 33936 1725215 138 101755 41 2 18 7 53 11 18.000000 387.000000 0.025035 0.999096 0 1 12.023767
1 48963 50025747 21634 1061095 213 70549 38 3 24 16 55 13 25.000000 446.000000 0.034771 0.998782 0 1 8.306519
1 76653 77327478 35426 1786545 199 112021 48 8 20 7 65 16 18.000000 571.000000 0.025035 0.999054 0 1 10.665247
1 62697 66339591 31728 1639350 170 94372 42 2 13 12 67 13 11.000000 447.000000 0.015299 0.998994 0 1 5.035966
1 68143 71122863 34345 1778260 189 102454 34 3 15 14 60 11 0.000000 720.000000 0.000000 0.999336 0 1 5.225578
1 70866 73889022 36629 1922267 136 107445 40 4 31 17 71 10 -1.000000 720.000000 -0.001391 0.999163 0 1 26.595752
1 73882 77139663 40487 2180317 229 114320 39 4 29 29 91 14 -1.000000 720.000000 -0.001391 0.999231 0 1 14.478242
1 73359 77673579 42671 2467586 6955 115964 56 12 52 19 97 26 2.000000 712.000000 0.002782 0.998949 0 1 684.011046
1 54638 57281434 29139 1527783 196 83700 67 4 15 22 62 19 20.000000 535.000000 0.027816 0.998281 0 1 4.988877
1 74858 77144373 39884 2117085 157 114714 28 0 12 12 54 7 0.000000 720.000000 0.000000 0.999512 0 1 4.681524
1 54277 59061347 39317 2515989 150 93545 39 1 16 11 61 11 3.000000 720.000000 0.004172 0.999060 0 1 7.234628
1 52823 58438221 28721 1502061 234 81488 46 6 28 22 72 15 8.000000 519.000000 0.011127 0.998749 0 1 12.260564
1 1144 1172262 1212 119755 174 2323 33 8 45 9 57 10 464.000000 59.000000 0.698795 0.971986 0 1 4065.911959
1 1349 746910 1622 188183 1448 2694 277 125 141 172 144 24 530.000000 48.000000 0.754986 0.813531 0 1 9774.448402
1 14 1064 17 1292 0 0 31 0 0 0 0 1 696.000000 1.000000 0.976157 1.000000 0 0 0.000000
1 7525 4118010 7556 798068 8614 13484 1597 802 494 892 757 55 321.000000 78.000000 0.487102 0.788210 0 1 8974.548480
1 979 481671 1029 129599 962 1736 272 124 76 83 116 22 634.000000 23.000000 0.920174 0.729084 0 1 8334.133423
1 340 76201 406 39434 262 518 228 90 29 31 43 12 604.000000 8.000000 0.879185 0.388740 0 1 5138.483974
1 9 684 13 1044 0 0 22 0 0 0 0 2 569.000000 1.000000 0.979346 1.000000 0 0 0.000000
1 2 152 3 228 0 0 5 0 0 0 0 1 606.000000 1.000000 0.995074 1.000000 0 0 0.000000
1 0 0 3 284 0 0 3 0 0 0 0 2 706.000000 1.000000 0.995769 1.000000 0 0 0.000000
1 130 118921 120 9568 122 223 27 7 4 9 5 9 349.000000 6.000000 0.969444 0.784000 0 1 9890.179197
1 1331 492898 1632 211095 1438 2655 308 151 149 137 181 24 398.000000 28.000000 0.641935 0.792103 0 1 9850.068140
1 257 60497 429 35818 221 453 233 115 149 21 34 21 673.000000 19.000000 0.942577 0.320700 0 1 7525.106133
1 8 868 213 12796 0 210 11 2 210 0 0 4 629.000000 10.000000 0.920937 0.900452 0 1 5597.006657
1 1 76 2 222 0 0 3 0 0 0 0 2 541.000000 1.000000 0.996317 1.000000 0 0 0.000000
1 4 590 13 925 0 0 17 3 0 0 0 7 660.000000 1.000000 0.985075 1.000000 0 0 0.000000
1 14 1588 25 1756 0 4 35 6 0 0 0 7 676.000000 1.000000 0.972662 0.794872 0 0 0.000000
1 538 157973 721 89104 631 1097 162 73 72 39 96 18 488.000000 21.000000 0.835616 0.742653 0 1 7064.253488
1 1205 951555 1275 148478 464 2377 103 35 53 78 92 17 585.000000 38.000000 0.850291 0.916936 0 1 7022.816279
1 1050 1577600 637 37074 30 1599 88 37 10 3 9 9 672.000000 10.000000 0.946479 0.895673 0 1 9914.699532
1 37 9082 51 4557 25 49 39 7 5 0 2 7 678.000000 3.000000 0.968571 0.113636 0 1 3773.199729
1 8 608 12 912 0 0 20 0 0 0 0 1 699.000000 1.000000 0.983122 1.000000 0 0 0.000000
1 31 8030 45 4818 23 45 31 4 5 0 2 7 614.000000 4.000000 0.965409 0.184211 0 1 4946.799586
1 91 23484 136 13445 116 184 43 10 14 3 10 9 647.000000 9.000000 0.919034 0.621145 0 1 6917.326299
1 15 1140 17 1292 0 0 32 0 0 0 0 1 697.000000 1.000000 0.976190 1.000000 0 0 0.000000
1 8 608 12 912 0 0 20 0 0 0 0 1 601.000000 1.000000 0.980424 1.000000 0 0 0.000000
1 27 8121 39 4414 25 50 16 3 5 0 3 6 679.000000 4.000000 0.976978 0.515152 0 1 2357.199934
1 62 12016 79 6683 100 134 7 3 6 3 12 6 684.000000 5.000000 0.955307 0.900709 0 1 11685.174445
1 27 10524 53 5949 26 51 29 4 5 0 2 6 686.000000 4.000000 0.964838 0.275000 0 1 1186.000219
1 24 6135 55 6007 33 57 22 3 9 0 2 5 685.000000 4.000000 0.954039 0.443038 0 1 7788.937922
1 24 8105 41 4364 30 51 14 2 1 0 4 5 692.000000 3.000000 0.970547 0.569231 0 1 0.041116
1 1 76 8 832 0 0 9 0 0 0 0 2 671.000000 1.000000 0.988218 1.000000 0 0 0.000000
1 38 15927 60 5772 42 81 17 4 10 0 4 5 655.000000 6.000000 0.968935 0.653061 0 1 1885.601019
1 3 180 14 1390 0 4 13 0 0 0 0 3 689.000000 1.000000 0.980085 0.529412 0 0 0.000000
1 517 217536 698 71889 622 1136 79 36 57 27 88 15 570.000000 20.000000 0.797203 0.869959 0 1 7653.705576
1 8 447 21 1746 8 18 11 0 0 0 4 3 683.000000 4.000000 0.972934 0.241379 0 0 0.000000
1 27 14522 39 3924 27 51 15 4 5 0 0 5 666.000000 4.000000 0.977974 0.545455 0 1 7112.399345
1 7 484 21 1900 2 4 24 0 0 0 2 3 637.000000 2.000000 0.968085 0.714286 0 0 0.000000
1 25 8490 45 4916 22 51 19 2 2 1 5 5 688.000000 4.000000 0.962238 0.457143 0 1 1.000324
1 24 11823 25 3039 21 42 7 2 1 0 2 5 591.000000 1.000000 0.989950 0.714286 0 1 0.044054
1 0 0 10 1080 0 0 10 0 0 0 0 1 686.000000 1.000000 0.985632 1.000000 0 0 0.000000
1 26 13282 36 3964 24 51 11 1 1 0 2 3 558.000000 1.000000 0.978947 0.645161 0 1 0.044056
1 20 5084 27 3035 15 34 13 2 1 0 2 6 668.000000 2.000000 0.972344 0.446808 0 1 0.038860
2 58654 50491336 56495 28699924 44682 113810 1338 500 1299 721 2593 229 -1.000000 720.000000 -0.001391 0.976752 0 3 15587.515884
2 59829 52262604 60929 43128538 46604 119851 682 223 595 376 920 124 24.000000 336.000000 0.033380 0.986841 0 3 16824.670711
2 34363 29431479 27874 3540769 25090 30824 31351 71 233 58 247 75 9.000000 720.000000 0.012517 0.008468 0 3 20871.693366
2 15732 18355725 11604 1341744 18579 27224 112 55 323 112 429 71 1.000000 720.000000 0.001391 0.991806 0 3 23512.208396
2 5445 3962246 5027 1045765 4585 10259 213 99 370 132 450 102 6.000000 720.000000 0.008345 0.959320 0 3 21324.742400
2 10182 11390770 7866 763690 10346 17787 261 145 475 231 590 98 15.000000 720.000000 0.020862 0.971077 0 3 19444.248743
2 47730 48835231 32268 4018912 10570 78928 781 489 1214 818 1262 151 -1.000000 720.000000 -0.001391 0.976862 0 3 18718.825302
2 26393 26072120 14959 1353560 3352 41152 200 100 317 142 610 85 -1.000000 720.000000 -0.001391 0.990327 0 3 20863.116746
2 4397 3150856 4265 577497 3236 8521 141 62 227 98 434 60 0.000000 720.000000 0.000000 0.967444 0 3 16118.534397
2 2813 2430899 2237 176354 2363 4653 52 21 76 17 180 31 2.000000 720.000000 0.002782 0.911089 0 3 10581.466576
2 1896 298303 2162 497392 1104 3430 76 32 163 58 220 47 177.000000 355.000000 0.246175 0.826515 0 3 8536.990841
2 2523 2146354 2861 608076 3178 5246 138 58 366 79 308 71 448.000000 55.000000 0.634561 0.948737 0 3 7886.522556
2 970 592878 1279 149376 1335 2165 84 40 324 53 161 57 446.000000 35.000000 0.622905 0.925300 0 3 6735.546566
2 2036 1787935 2010 217857 2427 3820 96 40 162 295 274 63 470.000000 44.000000 0.653686 0.920415 0 3 10143.207871
2 2660 1789100 2855 449940 3526 5166 142 64 312 111 394 82 328.000000 88.000000 0.458101 0.910970 0 3 8785.355556
2 1454 727985 1848 259936 2198 3219 83 39 322 208 314 60 391.000000 52.000000 0.543811 0.949727 0 3 7518.923136
2 987 647139 1030 134648 1339 1921 96 34 103 28 133 36 516.000000 13.000000 0.726761 0.904809 0 3 9809.092071
2 10489 10263309 10690 1265013 16398 20765 414 210 702 267 1225 68 17.000000 707.000000 0.023644 0.960905 0 3 13415.210445
2 11052 10386997 10869 1381593 18001 21624 297 142 862 300 1449 106 0.000000 720.000000 0.000000 0.972903 0 3 8507.095653
2 5547 2779398 6097 2905349 7022 11498 145 69 319 80 429 110 -1.000000 720.000000 -0.001391 0.975009 0 3 11883.100347
2 9222 3049127 11589 10280456 14684 20567 243 81 353 167 527 124 -1.000000 720.000000 -0.001391 0.976599 0 3 10065.212853
2 2603 1010933 2768 413520 1847 5194 161 66 188 93 286 91 2.000000 720.000000 0.002782 0.937069 0 3 8176.716860
2 5723 5118756 5489 625112 5691 10817 321 157 406 254 425 128 0.000000 720.000000 0.000000 0.936140 0 3 10179.562236
2 3882 2682256 3926 435327 3566 7651 153 64 250 357 331 113 2.000000 720.000000 0.002782 0.960297 0 3 8543.716239
2 1389 267969 1426 130938 360 2757 51 22 68 28 134 46 3.000000 720.000000 0.004172 0.961279 0 3 15482.328142
2 18972 20384351 13657 1536526 15169 31758 344 162 593 162 1014 133 5.000000 720.000000 0.006954 0.962763 0 3 23435.777788
2 40365 56126434 24052 1552007 52436 64221 156 59 289 151 557 111 36.000000 586.000000 0.050070 0.994536 0 3 15410.340983
2 13471 16125509 11770 863554 14623 25084 157 73 562 322 582 63 3.000000 720.000000 0.004172 0.987560 0 3 13585.793422
2 10925 13485844 10884 859576 18852 21704 105 49 156 61 234 57 -1.000000 720.000000 -0.001391 0.990371 0 3 8955.199484
2 1367 447675 1477 136886 480 2722 92 41 106 12 84 43 11.000000 720.000000 0.015299 0.924754 0 3 15331.925186
2 1430 400423 1580 201503 502 2838 95 48 89 19 129 42 18.000000 720.000000 0.025035 0.911296 0 3 15027.144612
2 1150 226064 1255 111307 141 2301 104 38 67 7 65 23 45.000000 583.000000 0.062587 0.913514 0 3 15159.965957
2 2435 1409912 2470 266555 1981 4759 146 73 214 82 235 62 12.000000 720.000000 0.016690 0.940469 0 3 14464.013252
2 3303 1562956 3412 484151 3060 6561 154 75 316 159 391 88 11.000000 720.000000 0.015299 0.954133 0 3 8400.157440
2 17956 26514573 7456 745034 21389 25337 75 33 130 25 268 47 12.000000 720.000000 0.016690 0.994097 0 3 23943.219914
2 19822 28781852 10646 787875 26962 30352 116 57 546 41 256 59 -1.000000 720.000000 -0.001391 0.992385 0 3 18117.131098
2 12865 16066029 10141 1117304 15693 22780 226 105 1231 102 521 91 5.000000 561.000000 0.006954 0.980353 0 3 18918.892003
2 11456 14537902 8168 849168 12128 19511 113 54 1050 71 383 70 10.000000 421.000000 0.013908 0.988483 0 3 15962.025690
2 21088 29042205 15099 1211487 29696 36066 118 57 1217 105 333 60 2.000000 715.000000 0.002782 0.993395 0 3 16996.399850
2 16963 22189805 10874 871795 22413 27517 136 67 213 30 300 58 15.000000 383.000000 0.020862 0.983619 0 3 23394.746024
2 9087 12100842 5989 510405 9767 14911 55 24 787 52 257 41 7.000000 720.000000 0.009736 0.985407 0 2 9574.081237
2 11750 15353596 8444 903639 13904 19935 175 75 1060 190 400 67 11.000000 436.000000 0.015299 0.978508 0 3 17468.423213
2 8856 9280738 6872 1013701 9709 15500 157 73 1007 83 414 96 -1.000000 720.000000 -0.001391 0.975521 0 3 17997.592987
2 2009 450626 2233 233971 1145 4066 113 53 220 87 230 83 10.000000 612.000000 0.013908 0.931872 0 3 9566.614004
2 2922 1931512 3155 414489 2709 5934 134 65 209 90 264 95 252.000000 228.000000 0.350487 0.954418 0 3 8743.487421
2 23910 19060736 22973 2999924 21829 45870 819 368 1102 902 1668 280 115.000000 197.000000 0.159944 0.960924 0 3 8151.281506
2 5965 3094462 6415 861500 5494 11959 335 124 345 279 863 159 176.000000 78.000000 0.245125 0.938934 0 3 8099.069321
2 6581 4952999 6799 841991 7319 13025 303 153 594 250 826 172 97.000000 202.000000 0.135097 0.950822 0 3 8771.998008
2 3581 2844844 3334 444238 4243 6578 163 74 268 126 456 114 233.000000 46.000000 0.324061 0.927693 0 3 9233.312942
2 2334 1198996 2613 340890 2314 4662 156 70 228 107 291 116 241.000000 102.000000 0.335188 0.910855 0 3 8153.996321
2 3256 2782819 3246 315773 3133 6349 115 54 195 108 304 99 264.000000 78.000000 0.367177 0.958782 0 3 8883.852998
2 80131 94989539 56087 8169724 87953 125703 9949 725 1555 1463 2449 596 49.000000 385.000000 0.068150 0.849770 0 3 8226.001282
2 52859 71382013 31484 3964074 63977 82545 1475 370 660 567 1234 288 35.000000 231.000000 0.048679 0.961194 0 3 9247.793020
2 11354 8448139 10375 1523443 11438 19903 1336 370 739 467 1377 292 65.000000 256.000000 0.090403 0.854480 0 3 10426.447523
2 5460 4168194 5633 644772 4806 9921 1069 172 305 142 540 196 133.000000 234.000000 0.184979 0.797981 0 3 11725.648787
2 9232 7872215 8230 1316918 8561 15263 2199 417 347 221 560 204 72.000000 187.000000 0.100139 0.748139 0 3 10256.171020
2 7891 5469524 8672 1499684 7698 14506 2055 304 816 310 778 289 67.000000 151.000000 0.093185 0.751736 0 3 8110.802150
2 33712 41850549 24894 2649725 42214 55954 2652 460 681 1705 1060 283 75.000000 193.000000 0.104312 0.909497 0 3 10555.324906
2 46854 49366902 40527 5710806 54844 85583 1561 393 1067 1367 2786 329 22.000000 720.000000 0.030598 0.961559 0 3 8472.417639
2 17624 14470132 15536 2738229 13426 31529 1631 162 684 495 1327 286 61.000000 303.000000 0.084840 0.901628 0 3 9066.026576
