2 314224 414403516 209960 21063740 65439 466280 56302 2683 5179 3180 5425 1620 -1.000000 720.000000 -0.001391 0.782126 0 4 23384.327311
2 252804 339610885 167257 15337541 155922 402515 15970 2003 4979 3816 4690 1554 -1.000000 720.000000 -0.001391 0.920212 0 4 24786.998316
2 229072 310262505 151935 14910123 34251 369405 10834 1746 3676 2539 4000 1150 -1.000000 720.000000 -0.001391 0.941114 0 4 24418.636743
2 189501 258232756 125115 10784131 56040 302353 11240 2736 2587 1444 3422 1029 -1.000000 720.000000 -0.001391 0.925296 0 4 23837.359345
2 140742 180327490 99344 10942581 97979 229784 9540 1620 2998 1656 3596 1082 -1.000000 720.000000 -0.001391 0.917355 0 4 23837.562910
2 44828 40481384 43373 8108565 40382 79739 7864 1702 2860 1850 3453 1183 -1.000000 720.000000 -0.001391 0.814900 0 4 24847.124914
2 44125 41901761 42349 5428179 33099 69667 15691 1659 3226 1931 2665 999 -1.000000 580.000000 -0.001727 0.624188 0 4 22828.954521
2 146374 190355959 104597 10484911 62205 239877 10530 1796 3813 2105 3446 916 -1.000000 720.000000 -0.001391 0.913839 0 4 21630.967939
2 248416 322257839 172084 14030490 51826 378393 31430 1754 3762 1812 4052 1203 -1.000000 511.000000 -0.001961 0.825120 0 4 19871.834156
2 238494 302755695 170783 15325600 50056 364472 34124 1559 4784 2224 4865 1268 -1.000000 579.000000 -0.001730 0.807150 0 4 22622.983145
2 216006 277477886 150329 11760200 17037 314578 38894 1392 3237 1596 3442 1285 -1.000000 720.000000 -0.001391 0.752546 0 4 20229.025912
2 45921 40537293 54608 5579121 12009 51759 41946 1082 2035 718 1702 946 -1.000000 720.000000 -0.001391 0.097614 0 4 19461.166563
2 44862 49328122 42033 5354019 29739 57117 26768 1096 1218 483 1000 624 -1.000000 720.000000 -0.001391 0.349261 0 4 21677.690233
2 23428 28032383 17967 4548093 26397 33950 7147 1215 1175 310 1011 457 -1.000000 720.000000 -0.001391 0.647494 0 4 20897.955182
2 54996 77793648 41174 4987391 51114 86758 9017 1665 1632 557 1438 461 -1.000000 684.000000 -0.001464 0.808371 0 4 19176.009147
2 35658 45005059 26954 3334788 26198 54694 7332 1169 1359 847 1363 510 -1.000000 720.000000 -0.001391 0.756436 0 4 24794.648607
2 29570 24445841 29520 3394987 29752 45213 12668 3515 1417 792 1860 611 -1.000000 720.000000 -0.001391 0.550770 0 4 21409.271985
2 112635 150592286 78231 6330516 166333 183158 6821 1335 2184 1855 2208 611 -1.000000 720.000000 -0.001391 0.923879 0 4 16081.654997
2 35415 19177296 44513 4380178 21548 34346 35015 1183 1762 564 1586 818 -1.000000 720.000000 -0.001391 0.008370 0 4 19896.693158
2 70707 37596806 74703 11989204 34918 66822 65420 1477 3030 1001 2795 906 -1.000000 720.000000 -0.001391 0.009642 0 4 19496.367798
2 140073 130878029 121144 12708473 26889 112012 134640 2203 7119 2415 4832 1349 -1.000000 720.000000 -0.001391 0.086625 0 4 20850.810301
2 328745 385993907 266946 24084895 103564 441735 136379 2433 6120 3073 5382 1476 -1.000000 720.000000 -0.001391 0.512608 0 4 19483.427363
2 249427 301367818 217293 18891364 64756 387906 66560 2001 7534 4989 5751 2059 -1.000000 720.000000 -0.001391 0.688520 0 4 15740.449391
2 74018 67169154 67178 9153142 62033 126067 13399 2406 4654 2736 5579 1039 -1.000000 720.000000 -0.001391 0.797955 0 4 17133.426403
2 78513 83964133 74801 9285560 84180 138704 12274 1816 4064 2594 4213 1004 -1.000000 720.000000 -0.001391 0.824647 0 4 16324.490713
2 79839 86041967 68306 9325772 101844 135080 11569 1682 4329 2159 3899 1078 -1.000000 720.000000 -0.001391 0.833717 0 4 16073.830875
2 122107 140190943 105294 17257276 135109 191867 33591 1900 5184 2684 4418 1448 -1.000000 720.000000 -0.001391 0.696022 0 4 20300.451928
2 125949 140147172 103129 11911816 95234 142163 82399 1489 3637 1696 3741 1145 -1.000000 720.000000 -0.001391 0.260889 0 5 18331.495474
2 159905 174311309 134184 12047369 134071 220623 70813 1618 5112 2370 4315 1035 -1.000000 720.000000 -0.001391 0.509404 0 4 20130.326541
2 264381 305636663 191298 15034065 276816 322232 129767 1968 3912 1882 4634 1039 -1.000000 720.000000 -0.001391 0.422370 0 4 20109.520993
2 211200 242424083 146465 13624102 226814 286757 67101 1629 3648 1760 3717 1105 -1.000000 720.000000 -0.001391 0.614139 0 4 19425.300441
2 183205 193420723 140995 18910969 186410 264716 55595 2475 4600 2221 6086 1115 -1.000000 720.000000 -0.001391 0.645037 0 4 20793.594997
2 98094 81201120 81967 8796419 71109 113964 63398 1572 3148 1495 3175 886 -1.000000 720.000000 -0.001391 0.280827 0 4 20486.001012
2 116006 104127244 85016 8225069 95361 133004 66316 1737 3214 1901 4390 857 -1.000000 720.000000 -0.001391 0.331745 0 4 20426.459422
2 101026 82047920 77537 7183106 79786 109717 66884 1681 2786 1288 3490 748 -1.000000 720.000000 -0.001391 0.239876 0 5 19459.159940
2 104033 67833011 80654 9137662 71439 115115 68402 1618 4695 3264 4166 912 -1.000000 720.000000 -0.001391 0.252931 0 4 23831.079531
2 69225 46390537 63910 7807599 51270 93414 37986 2027 3086 2037 3476 852 -1.000000 720.000000 -0.001391 0.416329 0 4 18764.195881
2 62336 35312707 53552 5445111 41660 64984 48978 1643 2375 1426 2676 850 -1.000000 720.000000 -0.001391 0.138116 0 4 19075.529093
2 90359 62491582 71501 7919752 64835 96808 63590 1787 3569 1655 4315 997 -1.000000 720.000000 -0.001391 0.205227 0 4 19098.434862
2 109799 98537170 79546 7402355 102623 125545 62703 1523 2801 1317 3105 895 -1.000000 720.000000 -0.001391 0.331892 0 4 19919.631646
2 71824 59406950 57392 11999803 69557 96073 30901 1208 2353 1108 2429 758 -1.000000 720.000000 -0.001391 0.504365 0 4 18986.642286
2 27024 16775428 30783 4282936 23111 43931 10908 1401 2693 1226 2505 745 -1.000000 720.000000 -0.001391 0.571263 0 4 19634.347938
2 59184 57733897 52038 7691156 63682 96199 12981 1377 3025 1790 3192 814 -1.000000 720.000000 -0.001391 0.748215 0 4 17002.708354
2 51599 59395492 40903 4638043 62803 76055 13494 1206 2671 1322 1506 657 -1.000000 720.000000 -0.001391 0.676320 0 4 16833.103237
2 100628 124919450 68865 7826874 130408 150222 17475 1634 2473 1591 2216 730 -1.000000 720.000000 -0.001391 0.783201 0 4 16522.084877
2 125085 154661188 92763 10960170 150009 198012 18575 2085 3736 2097 4317 931 -1.000000 720.000000 -0.001391 0.823680 0 5 16170.698566
2 138206 173278283 92262 9023032 141870 216054 13746 1178 2821 1322 2578 822 -1.000000 502.000000 -0.001996 0.877814 0 5 19248.011034
2 95690 112574285 68534 8615484 96761 148868 14099 1714 3160 1223 3526 876 -1.000000 720.000000 -0.001391 0.820641 0 4 17452.642885
2 52347 38831005 56520 14408250 51504 86830 20507 1715 2988 1722 3545 922 -1.000000 720.000000 -0.001391 0.609211 0 4 16497.169494
2 139033 166112625 98114 11684277 136258 175327 59099 2347 2458 1013 3242 1091 -1.000000 720.000000 -0.001391 0.490110 0 4 17989.216218
2 66607 60006594 65140 11432229 72757 110209 19487 2256 4047 2492 3777 950 -1.000000 720.000000 -0.001391 0.688608 0 4 17265.337339
2 60617 56123830 58761 15086932 62427 98418 19304 1499 2983 1432 2541 861 -1.000000 720.000000 -0.001391 0.662718 0 4 15490.762511
2 65307 52702164 67891 18959927 74367 113056 19192 1953 3743 2234 2888 984 -1.000000 720.000000 -0.001391 0.704695 0 4 16854.306455
2 64542 70645178 55450 10890057 72845 102197 16889 1832 1514 1137 2608 782 -1.000000 720.000000 -0.001391 0.710947 0 4 16260.625317
2 50743 42143737 48722 12864472 51991 74604 23220 1500 1422 1045 2869 774 -1.000000 720.000000 -0.001391 0.516604 0 5 18204.241302
2 122028 163281894 95626 10354203 161014 198296 17941 1710 2197 1172 2859 792 -1.000000 720.000000 -0.001391 0.828632 0 5 16811.501670
2 83267 93184821 72503 11497532 95646 131321 22463 3098 3098 2650 3139 901 -1.000000 720.000000 -0.001391 0.698838 0 5 15614.882747
2 45759 37206675 44780 9835863 42698 61338 27514 2655 1586 1600 2311 741 -1.000000 720.000000 -0.001391 0.373585 0 4 16344.490290
2 55124 43232440 56260 10332424 52605 86718 22518 2177 2692 2184 3196 861 -1.000000 720.000000 -0.001391 0.576384 0 4 16041.731325
2 48619 46502238 47180 13951688 45800 74854 19502 1258 1395 959 2165 776 -1.000000 720.000000 -0.001391 0.577793 0 4 16749.225576
2 44509 33758702 37422 13304519 31902 55121 25004 1848 1156 790 1998 689 -1.000000 720.000000 -0.001391 0.367590 0 4 17861.743406
2 29258 16667367 33651 7974908 14592 40714 20845 2263 1731 960 2393 725 -1.000000 720.000000 -0.001391 0.315837 0 4 11576.657918
2 71248 71464087 62598 9957458 56063 116833 15391 1830 3666 1678 4313 884 -1.000000 720.000000 -0.001391 0.757901 0 5 9951.097232
2 66987 70048922 61844 8776926 49005 112834 14922 2102 1585 1181 3591 730 -1.000000 720.000000 -0.001391 0.760003 0 4 11337.289583
2 126760 120099070 92145 8866381 158121 203963 14006 1485 6447 3190 6137 1159 -1.000000 720.000000 -0.001391 0.867760 0 4 9284.802701
2 38874 31245796 35083 3536760 50534 68008 5179 678 4487 1375 3070 728 -1.000000 720.000000 -0.001391 0.849534 0 3 11954.921132
2 17914 7730238 20302 2790349 12657 34138 3330 426 3761 723 2079 509 -1.000000 720.000000 -0.001391 0.806154 0 3 13692.339863
2 23725 14424095 24451 2979552 26273 42819 4925 673 3950 790 2561 684 -1.000000 720.000000 -0.001391 0.786574 0 3 15385.809213
2 46170 44219113 36259 3861033 56014 77076 4868 588 3918 718 2041 610 -1.000000 720.000000 -0.001391 0.876002 0 3 17074.252468
2 35936 23996151 34329 4293600 39952 64188 5451 839 5090 1126 3381 792 -1.000000 720.000000 -0.001391 0.835935 0 4 18775.873935
2 98356 95221613 77522 7485915 130319 169866 5268 793 5901 2020 4330 762 -1.000000 720.000000 -0.001391 0.935865 0 4 17742.439727
2 47197 39387061 44432 5245595 60216 86256 4831 716 5167 1004 3311 740 -1.000000 720.000000 -0.001391 0.888638 0 4 15463.572848
2 24434 16861147 26461 3004744 24781 45494 5062 452 4288 710 2580 628 -1.000000 720.000000 -0.001391 0.794420 0 4 13516.532856
2 29719 23262131 30241 3162821 33840 54321 5313 478 4418 637 2434 527 -1.000000 720.000000 -0.001391 0.817345 0 4 11915.368795
2 68476 69744563 52143 4479352 94703 114018 6238 545 4604 951 2889 602 -1.000000 720.000000 -0.001391 0.893557 0 4 10210.041490
2 34303 32772358 29071 2939260 42683 58355 4667 333 4147 513 2072 450 -1.000000 720.000000 -0.001391 0.847161 0 4 8658.526877
2 64097 66053670 46524 4770155 71802 104639 5290 513 4795 597 2350 678 -1.000000 720.000000 -0.001391 0.898103 0 4 7106.231845
2 144101 161845217 93809 8452532 199351 231209 6021 687 5477 1169 4169 858 -1.000000 720.000000 -0.001391 0.946526 0 5 5055.158919
2 101896 105218059 75558 8168505 129964 170482 6279 744 6346 1077 3935 859 -1.000000 720.000000 -0.001391 0.925327 0 4 2726.879570
2 87059 88258474 62750 7257875 110889 144551 4433 564 5807 1618 3060 725 -1.000000 720.000000 -0.001391 0.935311 0 4 692.691763
2 46228 36357196 39359 5255039 55704 80660 4311 601 5383 1066 3399 713 -1.000000 720.000000 -0.001391 0.892063 0 4 1755.002034
2 42785 40363739 37109 3340748 51620 74707 4295 369 4604 592 1849 465 -1.000000 720.000000 -0.001391 0.881318 0 4 3500.644857
2 34228 29951626 33028 2867209 46891 62478 4201 378 4296 805 1868 470 -1.000000 720.000000 -0.001391 0.866495 0 4 5045.937708
2 31838 26908248 28595 3252540 36004 55752 4181 449 4219 624 1791 443 -1.000000 720.000000 -0.001391 0.853358 0 4 6516.709922
2 48452 41534013 41578 4664784 52748 83897 5499 751 4952 850 2677 691 -1.000000 720.000000 -0.001391 0.870799 0 5 8212.517385
2 41008 30553252 39830 4729499 41773 73115 6904 657 6229 1313 3367 772 -1.000000 720.000000 -0.001391 0.819058 0 5 10448.440639
2 36168 26015326 37208 4314583 43535 66034 6025 664 5960 881 2672 703 -1.000000 720.000000 -0.001391 0.817829 0 4 12624.204646
2 40129 32496737 36847 4639559 46311 70785 5527 516 5843 1222 2253 586 -1.000000 720.000000 -0.001391 0.847771 0 4 14758.166147
2 45370 42485651 38353 3592570 51775 76814 6422 507 5671 756 1842 607 -1.000000 720.000000 -0.001391 0.840773 0 5 16709.635513
2 54461 53438381 42975 4557534 63224 89577 7430 754 6009 790 2349 744 -1.000000 720.000000 -0.001391 0.843087 0 4 18712.980527
2 65150 69515695 45877 3974824 86670 103901 6679 531 5578 587 1921 672 -1.000000 720.000000 -0.001391 0.875661 0 4 18011.607508
2 42805 38693876 38044 4208654 45877 72204 8083 533 5470 560 2184 591 -1.000000 720.000000 -0.001391 0.793096 0 4 16114.465960
2 63139 58226600 52814 7522595 72240 107629 7716 683 5866 1128 3430 592 -1.000000 720.000000 -0.001391 0.861668 0 4 14002.466960
2 80182 82006522 58673 8855808 102673 128901 9435 493 5165 821 2495 535 -1.000000 720.000000 -0.001391 0.860365 0 4 11921.900713
2 63667 62047020 50690 4606427 75384 106706 7143 564 5619 1064 2463 663 -1.000000 720.000000 -0.001391 0.870633 0 4 9959.984076
2 78528 75813943 63621 5876709 95642 128268 12857 658 6174 1322 3170 798 -1.000000 720.000000 -0.001391 0.811902 0 4 7648.479288
2 96074 84312017 80549 6713177 75159 114055 61966 626 6220 1152 2523 934 -1.000000 720.000000 -0.001391 0.294916 0 4 5311.741935
2 98509 94307131 73836 8426976 114536 147961 23919 653 6416 1293 2936 935 -1.000000 720.000000 -0.001391 0.719731 0 4 3033.193356
2 69001 64442712 52448 5778766 78902 112866 8008 552 6567 1474 2802 909 -1.000000 720.000000 -0.001391 0.863391 0 4 928.007475
2 65985 56760820 53734 7740761 73362 110236 8947 870 7170 1476 3437 1020 -1.000000 720.000000 -0.001391 0.846056 0 5 2119.525914
2 50173 38386566 46932 8779610 50980 84006 12609 785 6849 1289 3223 950 -1.000000 720.000000 -0.001391 0.735256 0 5 4714.715499
2 41878 32011636 42254 5173418 47038 73589 9850 754 6286 1269 2944 739 -1.000000 720.000000 -0.001391 0.757607 0 4 7059.244972
2 54029 44810086 49276 6005784 59450 92923 9653 729 6537 952 3477 863 -1.000000 720.000000 -0.001391 0.806060 0 4 9344.682200
2 47760 39279301 44771 6838200 57752 79250 12700 722 6439 931 2980 833 -1.000000 720.000000 -0.001391 0.719218 0 4 11703.744251
2 42377 46115394 36682 5311732 41805 69412 9123 415 5160 777 1568 640 -1.000000 720.000000 -0.001391 0.762582 0 5 13601.824891
2 8899 2530066 13492 3542001 6843 16924 5079 311 3861 264 853 403 -1.000000 720.000000 -0.001391 0.529007 0 5 14943.771402
2 28562 27752536 25890 3636380 37401 49972 4105 465 4406 383 1299 482 -1.000000 720.000000 -0.001391 0.842338 0 5 16172.813343
2 14474 9449065 17351 1837772 13552 27241 3925 302 4135 345 843 455 -1.000000 720.000000 -0.001391 0.732632 0 5 17473.556389
2 13711 10722281 14587 1641501 16454 24200 3772 240 3477 211 906 373 -1.000000 720.000000 -0.001391 0.721888 0 6 18559.396032
2 12429 6272257 15707 6066785 11129 18409 9434 205 3049 196 765 323 0.000000 720.000000 0.000000 0.318986 0 4 19228.459107
2 10343 6290813 11703 1408276 10157 19337 2274 237 2956 226 754 340 0.000000 720.000000 0.000000 0.773973 0 4 18510.019540
2 10405 4955772 12372 1954958 9788 20051 2348 280 3148 301 926 423 2.000000 720.000000 0.002782 0.777231 0 4 17558.431158
2 12765 8702865 16118 1926454 14026 23473 4979 280 2956 275 957 420 4.000000 720.000000 0.005563 0.640307 0 4 16543.170277
2 26526 23891603 24167 2531839 33077 45041 5173 548 3751 387 1705 530 0.000000 720.000000 0.000000 0.786460 0 4 15186.699221
2 25759 22353269 23285 2626915 32435 42951 5539 379 3860 292 1780 539 -1.000000 720.000000 -0.001391 0.762825 0 4 13508.288636
2 19375 18915507 19308 2047300 24987 31353 6774 218 2886 151 590 354 -1.000000 720.000000 -0.001391 0.635395 0 4 12451.935417
2 16073 13784538 18273 1872459 19614 26350 7170 191 3071 234 673 427 -1.000000 720.000000 -0.001391 0.558435 0 4 11549.332315
2 13278 6657666 20762 8257492 10994 18350 15016 229 3466 236 730 472 -1.000000 720.000000 -0.001391 0.097944 0 4 10594.040821
2 7106 1556969 14128 5750297 3768 9485 11281 137 2767 94 451 325 -1.000000 720.000000 -0.001391 0.084581 0 4 9699.542762
2 20090 16671917 20420 2069162 15417 25200 14221 380 3526 275 1147 828 -1.000000 720.000000 -0.001391 0.271019 0 4 8627.871795
2 9365 5644201 14381 1618833 8360 16597 5888 203 3004 176 786 368 -1.000000 720.000000 -0.001391 0.450981 0 4 7481.237392
2 29736 30852551 24364 1799416 40145 47651 5767 174 3473 270 707 415 -1.000000 720.000000 -0.001391 0.774196 0 4 6560.899091
2 184416 228956796 102911 5683893 274471 281101 5852 277 3089 174 805 405 -1.000000 720.000000 -0.001391 0.957964 0 4 5590.627994
2 181360 225326590 102244 5809544 270963 277169 5964 174 2558 178 576 331 1.000000 720.000000 0.001391 0.956281 0 4 4724.710496
2 3443 471186 7134 1018703 2419 6702 3606 94 1955 72 393 252 3.000000 720.000000 0.004172 0.292711 0 3 4050.634757
2 4034 1072645 8051 892488 2673 7476 4268 106 2149 74 403 255 -1.000000 720.000000 -0.001391 0.265453 0 3 3473.807255
2 2896 333037 7526 715648 1544 5448 4622 96 1911 50 337 208 1.000000 720.000000 0.001391 0.079255 0 3 2897.051091
2 3769 615034 8639 783191 2086 6215 5875 74 2024 41 378 220 0.000000 720.000000 0.000000 0.027402 0 3 2335.568462
2 26522 20731668 27290 7226989 28234 51975 1646 762 1434 756 1963 400 9.000000 367.000000 0.012517 0.935275 0 2 9705.492373
2 28984 33740167 24185 4865241 38075 51000 1523 631 1232 708 2242 410 11.000000 468.000000 0.015299 0.930561 0 2 7894.873576
2 28136 31173791 25527 4435455 26613 50632 2714 617 1122 501 2210 333 8.000000 441.000000 0.011127 0.892943 0 2 11260.037210
2 78273 102154110 60866 7588657 103171 137252 1638 538 783 514 1047 310 1.000000 720.000000 0.001391 0.974666 0 2 13122.125546
2 43447 26350567 34730 4553504 20152 73520 4009 674 927 518 1757 352 5.000000 720.000000 0.006954 0.889149 0 2 14484.498972
2 77032 70004325 63246 7811671 68986 136870 3068 678 845 910 1570 323 -1.000000 720.000000 -0.001391 0.953835 0 2 11945.793786
2 73926 47597234 59487 8288741 43763 130088 3174 820 1378 812 2117 520 -1.000000 720.000000 -0.001391 0.951287 0 2 24892.115071
2 228442 268415199 134463 10035377 30150 341536 20962 903 1620 894 2199 443 -1.000000 720.000000 -0.001391 0.883355 0 2 24459.444270
2 46782 25749181 35628 3314028 14554 80862 1363 456 823 259 860 354 -1.000000 501.000000 -0.002000 0.964677 0 2 20786.315901
2 502157 714065583 405873 26169027 31557 853037 48505 709 3471 921 3656 609 -1.000000 720.000000 -0.001391 0.886019 0 2 16834.075527
2 406090 583867783 283864 17756483 60144 632152 52188 862 3179 722 3502 613 -1.000000 720.000000 -0.001391 0.840584 0 2 18245.608491
2 103929 152471809 107262 7825578 10966 153146 54788 499 2121 349 1715 491 -1.000000 720.000000 -0.001391 0.465730 0 2 6980.018112
2 74487 81301658 75702 6828029 9888 46859 100861 403 1549 251 1149 400 -1.000000 720.000000 -0.001391 0.359560 0 2 6624.691660
2 46662 73663143 24190 3524042 64466 68959 1760 394 236 115 383 150 2.000000 720.000000 0.002782 0.948442 0 2 21803.251800
2 18190 22085190 12844 2686972 17700 29130 1654 454 374 207 562 179 3.000000 720.000000 0.004172 0.885352 0 2 20328.118907
2 56857 88733210 38572 3483154 54555 93403 1677 496 874 352 998 226 0.000000 720.000000 0.000000 0.961196 0 2 24319.476200
2 20739 23064705 15925 1593134 18794 35078 1516 465 373 189 748 203 -1.000000 720.000000 -0.001391 0.915394 0 2 16616.081737
2 98319 152109997 63405 4969707 153052 159646 1816 540 689 781 1271 265 -1.000000 720.000000 -0.001391 0.975922 0 2 9553.270663
2 159756 257207371 132565 8888257 113952 275761 15517 553 1396 1111 1371 447 -1.000000 720.000000 -0.001391 0.890268 0 2 9360.160885
2 266372 433665499 242750 14260451 17777 440695 65462 462 2167 250 1499 474 -1.000000 685.000000 -0.001462 0.737020 0 2 6588.140400
2 434079 529248109 294596 22040146 27641 570463 152904 555 2899 504 1868 485 -1.000000 720.000000 -0.001391 0.573039 0 2 6232.014477
2 234740 358359950 230560 15005360 23378 343710 115677 575 4013 402 2024 563 -1.000000 720.000000 -0.001391 0.490077 0 2 5243.050636
2 266820 392850668 257574 21678026 88094 407380 113155 829 4714 1175 2805 695 -1.000000 720.000000 -0.001391 0.561076 0 2 6201.724188
2 368518 565455688 329965 21899192 97068 619432 76752 722 4212 1172 3060 733 -1.000000 720.000000 -0.001391 0.776941 0 2 7981.552873
2 58470 73693955 52368 13290787 92467 108342 2299 672 1254 682 2235 421 -1.000000 720.000000 -0.001391 0.956739 0 2 13040.343273
2 75897 98248498 67442 6856847 101963 140294 2401 801 1314 1160 2764 425 -1.000000 720.000000 -0.001391 0.962006 0 2 11282.020529
2 73475 96028382 53242 8544399 97380 124503 1883 562 806 687 1698 343 -1.000000 720.000000 -0.001391 0.967668 0 2 13848.681303
2 58363 87879598 40019 3506212 62183 96906 1355 384 1006 368 920 324 -1.000000 465.000000 -0.002155 0.971224 0 2 18748.336944
2 407915 531645252 239063 15673270 127323 595399 50498 809 2829 869 2852 606 -1.000000 720.000000 -0.001391 0.842225 0 3 15914.150826
2 227076 287701463 157635 10257461 103879 311471 73075 642 1410 552 1695 467 -1.000000 720.000000 -0.001391 0.619676 0 2 9863.982446
2 251893 310543258 179074 12228933 268511 360089 69918 713 1426 1221 1863 475 -1.000000 720.000000 -0.001391 0.673302 0 2 9675.240378
2 164784 200040869 128589 8238267 142973 248500 44799 350 899 378 822 354 -1.000000 371.000000 -0.002703 0.694341 0 2 9432.383411
2 286042 418582198 197840 14774224 389216 421018 61733 866 1787 1011 2396 543 -1.000000 720.000000 -0.001391 0.742505 0 2 12198.926017
2 226207 276829095 155480 10268987 113674 309801 71367 702 1170 1053 1873 445 -1.000000 720.000000 -0.001391 0.624685 0 2 11773.023285
2 165614 198188770 132669 9673783 213023 241239 56347 831 1965 1003 3653 480 -1.000000 720.000000 -0.001391 0.619854 0 2 11298.582588
2 90745 74113614 64792 5243790 75507 94578 60642 681 1171 567 1945 382 -1.000000 720.000000 -0.001391 0.218186 0 3 11739.376685
2 55969 32659274 42062 4134872 35485 51216 46136 853 1302 724 2820 427 -1.000000 720.000000 -0.001391 0.051820 0 2 20022.517481
2 55423 35179551 49562 5865210 39841 70659 33943 848 1280 966 2382 426 -1.000000 720.000000 -0.001391 0.349726 0 2 15617.848838
2 47278 19237023 36235 3278499 23648 32134 51227 618 948 558 1642 377 -1.000000 720.000000 -0.001391 0.228623 0 2 11059.018652
2 88413 77723180 61784 5688438 82692 101419 48298 755 1701 1062 2774 499 -1.000000 720.000000 -0.001391 0.353676 0 2 9403.172634
2 141109 198179293 109788 9058878 185618 198337 52001 609 757 469 1883 327 -1.000000 720.000000 -0.001391 0.583251 0 2 15387.903181
2 22905 11583729 21822 6192996 16334 34398 9611 615 681 205 1483 248 1.000000 720.000000 0.001391 0.554184 0 2 15572.666613
2 14701 17437168 14978 1813337 18524 27338 1724 493 869 283 952 229 2.000000 720.000000 0.002782 0.863034 0 2 8488.474288
2 21891 28633233 19217 2316203 27087 38977 1571 481 408 151 771 170 -1.000000 720.000000 -0.001391 0.909945 0 2 7885.778709
2 17149 17188467 15818 1752668 19032 31251 1640 545 705 491 852 223 9.000000 720.000000 0.012517 0.898201 0 2 5780.194198
2 39683 57221468 26459 2154642 57501 64490 1558 472 416 232 809 198 -1.000000 720.000000 -0.001391 0.951468 0 2 8620.154288
2 84650 122511698 59875 4308534 124079 142932 1525 630 900 453 1115 307 19.000000 445.000000 0.032258 0.978426 0 3 6942.761778
2 54406 74840799 41201 4493203 70553 93696 1619 643 1330 464 1699 409 25.000000 456.000000 0.034771 0.963078 0 2 7506.338817
2 61926 87841077 52146 6468717 94580 112043 1958 751 1500 616 1849 448 13.000000 519.000000 0.018081 0.965048 0 2 8056.182370
2 174715 288968833 149834 14432032 294191 320750 3378 796 1585 919 2881 467 -1.000000 720.000000 -0.001391 0.977886 0 2 7532.747183
2 97310 129572433 89814 35484394 44717 185159 1763 598 941 595 1945 269 0.000000 720.000000 0.000000 0.980077 0 2 4453.608268
2 34635 40129123 32212 7175930 52654 65241 1523 424 631 341 861 212 -1.000000 720.000000 -0.001391 0.953192 0 2 5466.775224
2 41097 40894395 40926 13379481 59029 80427 1585 473 472 315 875 199 -1.000000 720.000000 -0.001391 0.961218 0 2 4701.812564
2 41753 52895655 40249 7753135 62709 80276 1649 515 697 406 1448 250 -1.000000 720.000000 -0.001391 0.958842 0 2 7663.430135
2 56416 74311947 43460 8342346 81207 98125 1682 515 602 549 1250 259 -1.000000 720.000000 -0.001391 0.965627 0 2 8758.251958
2 45391 58102583 38849 4324071 65466 81763 1984 646 886 505 1945 308 0.000000 720.000000 0.000000 0.947044 0 3 6531.504259
2 39514 53600249 34669 3540891 60254 70624 2873 535 691 456 1200 168 4.000000 720.000000 0.005563 0.913296 0 3 7030.188957
2 35133 50322292 26457 1862559 51524 59713 1558 439 361 324 798 151 1.000000 720.000000 0.001391 0.944228 0 2 5485.019175
2 40787 50038861 37354 4002462 59155 76010 1754 563 742 810 1492 242 -1.000000 720.000000 -0.001391 0.950282 0 2 3765.191953
2 38339 46817141 30727 6391996 51960 67128 1614 463 581 678 1138 195 1.000000 720.000000 0.001391 0.948571 0 2 5293.009004
2 63190 83154056 52626 12433861 90341 109251 6277 488 613 517 1167 199 -1.000000 720.000000 -0.001391 0.889117 0 2 2991.163490
2 103404 156249464 85120 5514818 180894 186907 1347 417 300 141 549 147 -1.000000 720.000000 -0.001391 0.984278 0 2 9959.264251
2 23597 27778083 23479 3573023 29703 45432 1624 548 2550 290 1187 255 -1.000000 720.000000 -0.001391 0.930580 0 2 5534.177498
2 66073 83410604 49959 6089942 73311 113601 2229 714 1273 945 3048 340 0.000000 720.000000 0.000000 0.959839 0 3 4826.799207
1 264 83484 507 54514 162 386 367 41 24 10 28 26 569.000000 63.000000 0.830657 0.024643 0 1 8.276368
1 33 5293 259 17011 81 84 208 25 84 0 0 6 545.000000 6.000000 0.757997 0.424658 0 1 16.161809
1 10618 15858363 8226 654970 13009 18533 311 58 215 34 174 24 373.000000 35.000000 0.518776 0.966992 0 1 46.611148
1 20399 30226913 11921 648521 28247 32230 90 36 42 16 67 22 467.000000 66.000000 0.649513 0.994431 0 1 11.305889
1 15684 27169619 11079 676023 18675 26548 207 40 88 40 112 27 433.000000 57.000000 0.603064 0.984232 0 1 40.842368
1 19231 9804784 16539 1872038 19215 34773 997 30 62 46 59 23 84.000000 589.000000 0.116829 0.944255 0 1 22.870018
1 819 76964 1713 203541 784 1637 895 0 0 0 0 3 5.000000 720.000000 0.006954 0.293049 0 0 0.000000
1 1032 152059 1894 235521 996 2002 924 0 0 0 0 3 3.000000 720.000000 0.004172 0.368421 0 0 0.000000
1 5356 3662402 5546 638958 5321 10011 891 0 1 1 0 3 11.000000 720.000000 0.015299 0.836544 0 1 0.005071
1 824 76769 1738 214147 786 1657 905 13 0 0 0 6 13.000000 720.000000 0.018081 0.293521 0 0 0.000000
1 786 74079 1668 199926 756 1571 883 0 0 0 0 3 12.000000 720.000000 0.016690 0.280359 0 0 0.000000
1 873 84481 1715 216300 844 1705 883 0 0 0 0 3 5.000000 720.000000 0.006954 0.317620 0 0 0.000000
1 823 78168 1698 204888 793 1636 885 0 0 0 0 3 3.000000 720.000000 0.004172 0.297898 0 0 0.000000
1 836 79812 1704 205928 804 1646 894 0 0 0 0 3 15.000000 720.000000 0.020862 0.296063 0 0 0.000000
1 872 84365 1718 215157 842 1708 882 0 0 0 0 3 6.000000 720.000000 0.008345 0.318919 0 0 0.000000
1 818 78709 1677 206141 786 1613 882 0 0 0 0 3 0.000000 720.000000 0.000000 0.292986 0 0 0.000000
1 2278 297609 3790 304983 311 439 5621 2117 26 10 65 16 -1.000000 720.000000 -0.001391 0.853988 0 1 6.382414
1 211 33243 1671 160875 312 375 1498 8 22 9 44 11 0.000000 720.000000 0.000000 0.596706 0 1 6.206002
1 161 24804 1597 142184 264 324 1434 1 24 1 46 7 -1.000000 720.000000 -0.001391 0.631399 0 1 6.088325
1 98 17246 1512 116331 121 183 1427 1 8 2 19 6 -1.000000 720.000000 -0.001391 0.772671 0 1 2.291288
1 4574 3163476 9211 768533 4650 8886 4746 298 2509 459 550 354 -1.000000 720.000000 -0.001391 0.300326 0 1 306.853129
1 687 94665 4487 395293 534 674 4398 17 89 36 77 40 -1.000000 720.000000 -0.001391 0.719753 0 1 17.413686
1 1202 270132 5383 852335 539 813 5561 20 161 38 80 48 -1.000000 720.000000 -0.001391 0.721033 0 1 20.471177
1 878 120845 4870 400348 520 871 4773 51 231 57 78 66 -1.000000 720.000000 -0.001391 0.678845 0 1 26.796364
1 6129 3588047 10730 6717870 2066 5902 10884 36 140 29 152 56 -1.000000 720.000000 -0.001391 0.295510 0 1 66.664916
1 3458 338988 10737 9050998 506 1249 12843 35 148 136 197 61 -1.000000 720.000000 -0.001391 0.816766 0 1 25.902455
1 3563 314170 9925 8815977 517 722 12727 17 120 20 82 46 -1.000000 720.000000 -0.001391 0.890050 0 1 23.840180
1 48558 4025317 53807 67627706 490 768 101561 13 97 27 73 38 -1.000000 720.000000 -0.001391 0.984643 0 1 23.569035
1 48651 4652141 55516 68049569 381 2087 101906 38 154 58 70 54 -1.000000 720.000000 -0.001391 0.958259 0 1 35.510370
1 23407 1999748 27410 29584089 481 981 49710 19 88 18 117 43 -1.000000 720.000000 -0.001391 0.958911 0 1 22.207438
1 2732 1911250 8230 700791 1391 3772 6975 140 367 71 173 105 1.000000 720.000000 0.001391 0.292191 0 1 53.954615
1 2961 1220933 10151 943136 2000 3788 9109 96 215 114 259 96 -1.000000 720.000000 -0.001391 0.405811 0 1 64.942433
1 3701 2815285 8542 1992846 2581 5091 7116 200 217 126 188 81 -1.000000 720.000000 -0.001391 0.165401 0 1 65.804714
1 11590 937155 22583 25898989 762 1375 32692 88 194 96 138 68 -1.000000 720.000000 -0.001391 0.916425 0 1 33.592473
1 1411 136549 6040 1352432 864 981 6433 74 92 56 99 57 -1.000000 720.000000 -0.001391 0.731714 0 1 26.489467
1 17501 1418901 27117 30494936 1489 1871 42609 77 228 54 283 61 -1.000000 720.000000 -0.001391 0.913040 0 1 55.487008
1 2519 243203 6930 3750131 750 934 8411 54 92 61 111 37 -1.000000 720.000000 -0.001391 0.791301 0 1 24.398905
1 1252 118123 3844 350094 834 1063 3700 66 122 60 128 51 -1.000000 720.000000 -0.001391 0.517465 0 1 26.542290
1 9649 12375210 9402 990713 9920 15609 3416 118 249 145 231 81 -1.000000 720.000000 -0.001391 0.640019 0 1 60.901435
1 12088 15822182 11453 784137 1572 19581 3873 99 531 162 247 94 -1.000000 720.000000 -0.001391 0.667261 0 1 218.737217
1 62749 65358829 54626 31378035 72684 78999 38318 155 347 197 896 108 -1.000000 720.000000 -0.001391 0.346590 0 1 383.923203
1 56831 44155544 57599 52439716 42559 45358 69062 145 452 229 461 102 -1.000000 720.000000 -0.001391 0.207148 0 1 340.327943
1 26174 26609574 21815 1965000 34523 39820 7834 124 659 307 710 111 -1.000000 720.000000 -0.001391 0.666528 0 1 338.575572
1 24984 28163464 22010 9588234 29140 31819 14373 99 623 578 440 99 -1.000000 720.000000 -0.001391 0.371239 0 1 380.834925
1 12307 13021303 14653 7066354 14335 15199 11659 140 364 304 391 94 2.000000 453.000000 0.002782 0.131306 0 1 118.432370
1 34330 13081406 37956 40114309 912 1299 70949 73 193 63 119 71 17.000000 556.000000 0.023644 0.963534 0 1 29.720775
1 82734 49309804 74695 76356974 713 792 156608 61 70 39 96 43 -1.000000 720.000000 -0.001391 0.989754 0 1 17.137195
1 118741 95123343 89248 79243362 607 848 207082 68 146 40 77 51 -1.000000 720.000000 -0.001391 0.991562 0 1 24.084112
1 109070 81916693 81772 78463297 691 790 189996 65 70 24 99 53 -1.000000 720.000000 -0.001391 0.991427 0 1 19.381376
1 61538 24257433 65783 75253105 8417 12119 115054 137 406 161 211 113 -1.000000 720.000000 -0.001391 0.808468 0 1 96.325576
1 64496 26449266 70370 76184524 7913 10625 123979 109 464 253 877 139 -1.000000 720.000000 -0.001391 0.840494 0 1 124.873291
1 61027 23643474 66138 75217132 480 818 126185 58 87 38 68 62 -1.000000 720.000000 -0.001391 0.985861 0 1 22.104485
1 64386 25636657 64939 73970662 395 635 128383 57 110 27 58 77 -1.000000 720.000000 -0.001391 0.987806 0 1 23.893602
1 57125 18839116 60920 71322384 483 1884 115980 67 93 30 76 53 -1.000000 710.000000 -0.001410 0.966547 0 1 21.829477
1 58197 18549408 63926 73256411 529 2332 119741 75 293 92 87 84 -1.000000 720.000000 -0.001391 0.961400 0 1 40.501489
1 59180 20264797 64842 74102190 459 663 123333 70 84 34 70 78 -1.000000 720.000000 -0.001391 0.989099 0 1 20.633707
1 114399 106082466 103680 81747140 698 91969 126055 108 306 117 89 124 -1.000000 720.000000 -0.001391 0.156301 0 1 50.014778
1 38728 13861955 48236 53439852 3474 6205 80726 66 217 101 115 93 -1.000000 459.000000 -0.002183 0.856918 0 1 72.548361
1 69493 37016773 79319 81305407 13769 15724 133034 131 439 227 733 112 -1.000000 720.000000 -0.001391 0.788310 0 1 105.899469
1 48274 6182613 68635 81580750 2470 5822 110863 97 176 170 216 101 -1.000000 720.000000 -0.001391 0.898485 0 1 61.615201
1 46455 3879343 63978 80801025 454 907 109520 69 261 79 74 96 -1.000000 720.000000 -0.001391 0.983519 0 1 37.477709
1 37478 3239249 64487 79435260 531 950 101015 104 154 44 81 73 -1.000000 720.000000 -0.001391 0.981366 0 1 30.609467
1 49082 4147473 62614 78504824 468 635 110891 60 134 42 66 59 -1.000000 720.000000 -0.001391 0.987108 0 1 25.280410
1 49075 7219963 64411 78375925 382 530 112889 72 74 27 52 86 -1.000000 720.000000 -0.001391 0.990069 0 1 18.301533
1 1834 1110993 2435 302723 1683 3968 291 87 212 157 681 58 253.000000 48.000000 0.351878 0.861326 0 1 85.694848
1 3570 4172172 13098 14132060 2747 5758 10900 20 123 142 547 25 205.000000 106.000000 0.285515 0.308495 0 1 37.641858
1 4870 6087144 4844 549411 4267 9201 512 63 243 176 715 34 221.000000 98.000000 0.308229 0.894482 0 1 92.626938
1 621 167859 1282 139821 793 1744 149 37 130 127 558 38 277.000000 20.000000 0.385257 0.838150 0 1 36.722548
1 653 167024 1393 177156 758 1928 108 23 130 155 571 27 250.000000 37.000000 0.348189 0.889541 0 1 41.624291
1 6844 8647772 6973 686004 6791 13450 357 120 375 363 794 78 217.000000 28.000000 0.301808 0.947601 0 1 106.944119
1 8147 8601591 7417 1031530 6669 14984 570 90 945 190 732 76 102.000000 289.000000 0.141864 0.926112 0 1 180.590139
1 5302 5319598 5701 958281 4857 10660 341 82 831 205 662 68 87.000000 276.000000 0.121001 0.937835 0 1 154.589688
1 4192 2766485 5009 1077878 3497 8770 421 89 835 193 771 96 60.000000 199.000000 0.083449 0.907401 0 1 163.208814
1 7624 7054108 8255 1846329 7003 15443 426 96 935 266 807 85 50.000000 446.000000 0.069541 0.945714 0 1 173.791047
1 6040 6899519 5721 1215592 7654 11265 485 84 325 225 747 83 133.000000 98.000000 0.185495 0.916589 0 1 76.906608
1 917 254309 1722 416944 919 2557 72 5 133 176 560 20 207.000000 49.000000 0.288301 0.941645 0 1 42.708486
1 824 241812 1600 393353 828 2372 52 2 122 145 537 13 188.000000 78.000000 0.261838 0.957096 0 1 36.550210
1 992 289866 1757 415259 1047 2638 99 15 137 163 561 28 191.000000 58.000000 0.266388 0.923609 0 1 40.209216
1 950 277330 1730 423549 998 2587 83 17 137 173 548 23 202.000000 59.000000 0.281729 0.934328 0 1 40.958380
1 1089 302408 1769 421358 1033 2728 119 14 130 165 552 20 190.000000 48.000000 0.264256 0.912876 0 1 41.216286
1 3680 3032201 3857 632298 2996 7272 255 39 203 174 691 35 150.000000 48.000000 0.209497 0.931007 0 1 90.487637
1 1717 1401473 2489 493810 2219 4038 168 28 290 169 650 48 147.000000 44.000000 0.205307 0.920114 0 1 58.117444
1 1133 458936 1953 444361 1335 2966 110 20 184 186 593 41 193.000000 54.000000 0.268428 0.925470 0 1 43.737893
1 852 274181 1694 436743 870 2466 70 4 130 157 537 17 201.000000 38.000000 0.279555 0.941084 0 1 38.147195
1 1040 364353 1904 429352 1141 2802 132 41 192 183 585 25 191.000000 78.000000 0.265647 0.906929 0 1 47.540461
1 980 282859 1775 414982 1027 2657 88 18 139 149 547 21 209.000000 58.000000 0.290682 0.932486 0 1 38.600871
1 1049 303832 1858 485844 1037 2849 58 5 139 168 526 20 166.000000 65.000000 0.230876 0.960096 0 1 36.895476
1 1240 390056 2019 436574 1333 3064 185 37 160 173 603 40 183.000000 99.000000 0.255587 0.883400 0 1 46.013038
1 1028 268808 1802 425167 1111 2722 98 23 138 164 567 26 213.000000 38.000000 0.297486 0.927208 0 1 41.340148
1 4948 4714288 5490 730721 2773 7916 2430 84 850 371 685 290 43.000000 668.000000 0.059805 0.525580 0 1 151.186110
1 1978 882984 3455 562460 1099 4784 613 7 850 357 615 269 33.000000 581.000000 0.045897 0.767716 0 1 122.550110
1 2452 1680028 3683 577095 1052 5788 326 26 873 339 511 272 39.000000 293.000000 0.054318 0.890302 0 1 115.182500
1 9927 11562487 8161 869595 9751 13831 4211 56 889 551 683 329 39.000000 447.000000 0.054318 0.531844 0 1 138.081974
1 1578 674035 2368 520458 1654 3685 251 49 172 180 608 40 140.000000 91.000000 0.194715 0.870248 0 1 48.677922
1 9269 7575809 14727 11046971 7035 16872 7105 63 713 186 785 84 46.000000 490.000000 0.063978 0.407026 0 1 146.845864
1 7250 5718519 6732 2289968 7048 13688 283 49 561 159 566 53 52.000000 350.000000 0.072323 0.958733 0 1 89.737446
1 4591 3286223 5567 2188233 4319 9887 271 67 963 186 487 69 30.000000 490.000000 0.041725 0.946643 0 1 148.078468
1 5985 6124095 6745 2243695 5940 12277 442 151 592 207 710 98 60.000000 272.000000 0.083449 0.929694 0 1 135.339080
1 3953 1946030 5298 1886571 2803 8796 444 85 897 271 850 94 26.000000 505.000000 0.036161 0.902821 0 1 182.652154
1 8181 6062052 8381 2105929 8992 15962 589 189 831 486 985 124 50.000000 265.000000 0.069541 0.928209 0 1 177.927701
1 6206 3783339 6797 2007894 5637 12390 597 149 583 397 1050 113 44.000000 259.000000 0.061196 0.906945 0 1 172.154704
1 11038 9752829 10098 2346796 8186 18989 2141 140 605 529 1130 110 67.000000 125.000000 0.093185 0.797123 0 1 174.349469
1 2537 1316494 3187 1221644 2753 5444 270 76 296 206 689 77 111.000000 181.000000 0.154381 0.903913 0 1 78.402451
1 4188 3001333 4885 1572285 4253 8611 452 88 416 262 800 85 86.000000 191.000000 0.119611 0.899262 0 1 119.289229
1 4485 5537671 4314 1205833 6598 8567 222 65 210 141 620 50 145.000000 68.000000 0.201950 0.948403 0 1 56.287142
1 1262 553969 2067 1041115 1365 3176 143 35 132 139 530 40 147.000000 179.000000 0.204451 0.911084 0 1 36.773763
1 1112 404997 1888 1033905 1070 2928 72 13 107 126 499 15 157.000000 118.000000 0.218359 0.952000 0 1 34.027928
1 1246 439648 2006 1089142 1292 3126 116 26 124 133 529 34 168.000000 57.000000 0.233658 0.925584 0 1 36.666263
1 1104 398017 1857 1042533 1081 2887 64 7 105 131 498 19 139.000000 144.000000 0.193324 0.953394 0 1 32.673308
1 1107 400968 1880 1019454 1083 2917 60 5 108 125 509 16 175.000000 137.000000 0.243394 0.956478 0 1 34.092286
1 1252 553333 2043 1036324 1373 3120 165 39 138 132 530 35 120.000000 112.000000 0.166898 0.896813 0 1 37.454553
1 1029 392763 1790 1008526 1006 2765 54 3 104 120 487 14 158.000000 113.000000 0.220363 0.961689 0 1 31.943708
1 1112 418054 1888 1025785 1154 2899 91 15 111 124 517 25 167.000000 51.000000 0.232915 0.936000 0 1 31.999660
1 999 351005 1741 926116 945 2635 94 17 129 126 459 24 194.000000 38.000000 0.270195 0.927372 0 1 34.767394
1 1269 474404 2065 1101799 1204 3227 97 18 142 125 491 22 156.000000 91.000000 0.216968 0.938812 0 1 43.689135
1 1192 446215 1981 1036169 1279 3026 137 32 120 127 535 36 135.000000 285.000000 0.187761 0.910495 0 1 34.969653
1 1701 822790 2430 1132913 1682 4011 120 31 212 141 516 30 147.000000 126.000000 0.204451 0.941903 0 1 49.690828
1 7096 5928873 6975 2995782 6785 13799 262 66 458 166 626 67 47.000000 323.000000 0.065369 0.962050 0 1 103.976454
1 6736 4915713 7145 3187973 6085 13542 329 77 492 273 735 73 60.000000 520.000000 0.083449 0.951877 0 1 113.038637
1 7979 10443469 8243 2942419 7704 15895 317 57 369 116 542 56 64.000000 233.000000 0.089013 0.960301 0 1 8042.363174
1 3408 2730888 4140 1966202 4105 7288 250 61 312 140 622 73 68.000000 464.000000 0.094576 0.932432 0 1 62.105847
1 3684 3901743 3780 1362676 4819 7041 423 31 168 155 550 40 132.000000 166.000000 0.183588 0.886656 0 1 42.743022
1 2872 2295282 3358 1353210 3500 5666 547 60 156 134 597 60 84.000000 266.000000 0.116829 0.821669 0 1 52.624282
1 1541 599628 2549 1305339 1449 3669 411 13 255 125 496 42 94.000000 275.000000 0.130737 0.796577 0 1 42.420755
1 1739 725461 2613 1313260 1695 3872 470 29 153 119 542 26 95.000000 210.000000 0.132128 0.781710 0 1 45.010678
1 1461 611843 2392 1007660 1352 3335 508 40 217 100 406 51 115.000000 106.000000 0.160167 0.733714 0 1 38.133954
1 1223 466738 2365 771635 1018 3119 469 15 402 112 485 45 95.000000 189.000000 0.132128 0.738573 0 1 57.093442
1 1343 507166 2245 724642 1293 3114 464 41 165 135 537 47 121.000000 233.000000 0.168289 0.738573 0 1 42.266096
1 14954 965708 21207 62892342 14277 35414 674 72 455 231 115 51 325.000000 102.000000 0.453911 0.960703 0 1 92.381195
1 1135 223372 1754 326698 444 2614 239 18 217 218 50 31 456.000000 23.000000 0.636872 0.822084 0 1 63.275500
1 1061 206560 1710 320847 260 2452 272 6 203 201 15 23 447.000000 16.000000 0.628692 0.786720 0 1 58.600341
1 1431 388403 2127 378054 645 3093 408 42 245 216 108 51 440.000000 16.000000 0.614525 0.754637 0 1 86.643889
1 5182 3149986 4135 885541 790 8740 486 68 273 221 109 48 337.000000 63.000000 0.468707 0.885907 0 1 111.660701
1 4498 2909913 3907 750684 549 7999 318 28 233 215 101 32 301.000000 77.000000 0.418637 0.913861 0 1 105.163056
1 3676 2333595 3000 517825 314 6323 276 13 212 212 34 32 400.000000 21.000000 0.556328 0.905782 0 1 67.967007
1 1150 232969 1776 336637 200 2579 268 5 211 201 13 25 437.000000 22.000000 0.607789 0.789815 0 1 59.234084
1 1453 318700 2128 397443 419 3134 363 30 237 224 67 42 403.000000 34.000000 0.560501 0.773806 0 1 74.293607
1 3947 5059137 3449 439717 2992 7085 235 6 204 196 31 22 448.000000 21.000000 0.623088 0.926176 0 1 59.110851
1 1234 271848 1856 337532 308 2714 289 18 211 209 19 24 451.000000 23.000000 0.627260 0.784790 0 1 61.091262
1 1129 224995 1844 343438 165 2704 217 3 201 205 19 23 449.000000 27.000000 0.624478 0.836529 0 1 74.762352
1 2571 1677394 3320 504957 1941 5365 442 37 264 207 65 34 380.000000 33.000000 0.528512 0.835682 0 1 73.407396
1 2080 979538 2827 424243 791 3447 1355 26 227 296 63 73 387.000000 44.000000 0.538248 0.426330 0 1 65.528620
1 1158 214127 1811 322856 119 2513 352 4 201 204 20 27 427.000000 19.000000 0.593880 0.727854 0 1 57.737406
1 1196 241194 1995 348993 193 2718 383 20 315 203 19 32 397.000000 36.000000 0.552156 0.731746 0 1 66.649215
1 1082 198480 1824 324739 135 2583 273 7 275 208 25 33 426.000000 18.000000 0.592490 0.794907 0 1 64.488091
1 1064 200757 1753 315974 82 2482 277 7 233 195 7 25 436.000000 20.000000 0.606398 0.782748 0 1 60.915933
1 1367 497175 2055 345275 576 2962 392 38 256 208 44 44 407.000000 23.000000 0.566064 0.751023 0 1 67.957219
1 1059 209920 1778 318629 131 2496 286 6 236 196 22 28 435.000000 17.000000 0.605007 0.778992 0 1 61.422375
1 1100 214045 1786 319367 142 2543 275 14 239 203 13 27 450.000000 20.000000 0.625869 0.785863 0 1 61.778024
1 1093 196630 1782 317305 171 2529 278 13 241 204 31 30 448.000000 30.000000 0.623088 0.782957 0 1 62.591255
1 1133 268104 1792 330334 230 2600 264 7 241 206 15 28 479.000000 14.000000 0.666203 0.798633 0 1 62.597619
1 2217 1486235 2750 408964 1519 3920 974 34 276 209 91 63 461.000000 36.000000 0.641168 0.593115 0 1 73.014589
1 8047 8767220 7245 1321991 7101 14524 689 103 493 283 175 84 394.000000 43.000000 0.573508 0.904721 0 1 123.875726
1 16157 19336589 14161 1914165 15164 28908 1268 139 618 535 492 109 206.000000 286.000000 0.287710 0.911670 0 1 128.201966
1 1037 192592 1741 311161 186 2460 274 15 243 208 34 33 487.000000 20.000000 0.677330 0.786897 0 1 61.297209
1 2003 1874231 2278 348644 1089 3986 243 6 234 194 10 25 471.000000 15.000000 0.661517 0.874328 0 1 59.174522
1 5977 8625912 5192 592213 5005 10608 506 31 309 215 83 51 385.000000 36.000000 0.545326 0.904468 0 1 72.451300
1 1685 1236268 2183 363743 893 3528 293 5 257 204 38 35 448.000000 18.000000 0.623955 0.836350 0 1 62.682364
1 986 184918 1690 305750 110 2400 229 7 269 196 12 31 484.000000 21.000000 0.673157 0.811285 0 1 65.495397
1 1097 274857 2032 350762 278 2749 342 8 424 202 33 35 338.000000 26.000000 0.480797 0.769255 0 1 78.940666
1 1752 1303128 2338 369405 1308 3682 357 31 340 206 34 40 433.000000 26.000000 0.602225 0.812958 0 1 72.521212
1 1131 247740 1941 340361 265 2640 375 20 310 208 46 53 424.000000 36.000000 0.589708 0.737305 0 1 72.149331
1 1018 187324 1701 306840 102 2433 244 5 253 218 22 30 471.000000 18.000000 0.655077 0.805075 0 1 59.989276
1 1045 200782 1728 302694 152 2503 219 12 281 207 21 29 483.000000 20.000000 0.671766 0.823657 0 1 62.185259
1 987 182729 1639 293967 105 2383 212 5 235 196 21 26 496.000000 16.000000 0.689847 0.826733 0 1 58.744111
1 1095 232548 1797 319652 198 2504 334 22 252 207 22 34 461.000000 20.000000 0.641168 0.750346 0 1 61.418473
1 1111 241011 1812 318768 257 2537 331 21 248 203 45 40 479.000000 26.000000 0.666203 0.754704 0 1 62.471548
1 983 182944 1641 299042 67 2347 233 6 234 196 20 27 494.000000 19.000000 0.687065 0.805640 0 1 58.052768
1 1024 196787 1647 299455 127 2397 221 8 238 196 18 26 503.000000 14.000000 0.699583 0.814676 0 1 59.208274
1 987 196521 1616 291798 84 2383 190 5 237 199 14 24 511.000000 14.000000 0.710709 0.842489 0 1 58.966344
1 1056 206725 1725 313851 158 2448 278 16 244 207 15 30 496.000000 13.000000 0.689847 0.780295 0 1 61.023201
1 1076 226759 1758 312665 216 2493 284 14 245 202 34 36 480.000000 19.000000 0.667594 0.779464 0 1 61.388585
1 998 191114 1647 299372 82 2368 231 6 235 196 17 27 490.000000 14.000000 0.681502 0.807940 0 1 58.268349
1 1008 184279 1673 299327 106 2410 224 4 235 202 13 25 468.000000 26.000000 0.650904 0.815367 0 1 58.129063
1 2467 1495102 3426 596983 1590 5307 528 49 350 280 33 47 425.000000 56.000000 0.591099 0.810962 0 1 119.573221
1 5507 5408172 6013 1475078 8516 10557 829 85 234 176 169 76 294.000000 74.000000 0.414669 0.844444 0 1 13050.507912
1 78938 125708455 51163 3006306 120396 122583 7426 79 590 396 1189 76 145.000000 127.000000 0.225155 0.885135 0 1 165.547752
1 2919 2683035 3433 518808 3186 5559 734 53 296 235 102 42 302.000000 26.000000 0.421199 0.759603 0 1 75.796459
1 1161 215905 1747 337441 315 2614 231 24 214 212 57 30 500.000000 14.000000 0.698324 0.819464 0 1 61.775804
1 1014 185481 1602 283762 122 2420 155 5 204 203 13 17 541.000000 13.000000 0.752434 0.865826 0 1 58.510584
1 1045 203674 1668 297551 94 2393 269 19 200 196 12 22 506.000000 19.000000 0.703755 0.782897 0 1 57.734305
1 4006 3856762 4249 640281 4078 7625 568 112 406 241 309 71 424.000000 123.000000 0.589708 0.854876 0 1 107.273883
1 98242 156492586 70352 3861906 165105 167800 744 33 402 268 124 74 2.000000 720.000000 0.002782 0.990878 0 1 83.716145
1 1027 189411 2066 385552 116 2645 411 18 444 195 15 34 347.000000 24.000000 0.483961 0.722276 0 1 79.454358
1 1131 276149 1963 342108 165 2704 342 17 375 200 24 40 401.000000 25.000000 0.557719 0.763413 0 1 74.699777
1 1303 392808 2225 388019 362 2963 513 44 345 211 57 50 408.000000 24.000000 0.567455 0.694444 0 1 76.637445
1 2072 1401685 2771 432366 1224 4356 430 29 379 213 70 54 324.000000 57.000000 0.459574 0.810655 0 1 82.759480
1 980 176356 1656 298435 46 2387 207 4 250 193 9 20 484.000000 13.000000 0.679775 0.827011 0 1 61.843094
1 1177 228422 1844 339302 307 2656 317 31 259 208 35 33 472.000000 22.000000 0.657382 0.774247 0 1 70.078791
1 996 177358 1637 291471 80 2399 193 4 232 196 13 21 509.000000 18.000000 0.707928 0.837828 0 1 64.051715
1 5716 737373 7694 5176048 859 1631 11771 38 335 38 98 311 82.000000 296.000000 0.114206 0.756152 0 1 40.174205
1 1385 279688 3307 672209 1207 1773 2901 53 413 49 127 297 76.000000 210.000000 0.105702 0.240409 0 1 57.080658
1 2584 572772 4592 1764890 1349 1799 5333 47 301 63 152 313 41.000000 316.000000 0.057024 0.492475 0 1 38.258038
1 23660 31254123 20583 2517233 29306 38420 5802 390 1205 238 721 448 19.000000 547.000000 0.026426 0.737247 0 1 220.353267
1 4345 1955871 6490 1312663 3831 7104 3725 169 816 325 535 382 29.000000 251.000000 0.040334 0.311860 0 1 123.505636
1 1459 507827 3659 628788 1118 2310 2803 46 558 26 121 296 38.000000 348.000000 0.052851 0.096327 0 1 65.322658
1 4565 4512310 5600 1907911 6043 7502 2663 37 399 62 160 295 19.000000 467.000000 0.026426 0.476045 0 1 49.071300
1 430644 26290291 3291 499695 864 1625 432305 53 334 30 102 287 35.000000 325.000000 0.048679 0.992499 0 1 41.102268
1 6248 5209290 6989 1327943 7760 8998 4219 112 434 46 220 319 18.000000 720.000000 0.025035 0.361033 0 1 65.772118
1 3333 1135566 5477 1318310 2088 3911 4818 98 567 219 368 327 12.000000 720.000000 0.016690 0.102951 0 1 70.263022
1 2030 158845 4100 1465453 215 714 5395 33 405 17 49 288 24.000000 486.000000 0.033380 0.763622 0 1 41.781943
1 17110 1104244 19101 17638152 260 760 35436 29 416 14 47 294 9.000000 720.000000 0.012517 0.957610 0 1 45.027491
1 28095 36777342 13381 1293939 20444 22111 19327 414 506 482 612 221 370.000000 230.000000 0.514604 0.067123 0 1 1961.245272
1 5162 3113557 5602 1742213 6896 9632 1132 209 539 567 663 95 82.000000 163.000000 0.114047 0.789669 0 1 151.414779
1 9754 6194811 9268 2382189 11036 18574 442 167 897 1498 999 87 33.000000 498.000000 0.045897 0.953212 0 1 254.041599
1 7446 4335135 7412 1575127 6953 12695 2130 1021 221 338 280 30 34.000000 658.000000 0.047354 0.711065 0 1 9073.939178
1 1425 1239451 1336 321621 1643 2645 116 55 108 174 144 39 604.000000 15.000000 0.865330 0.915972 0 1 30.774383
1 521 249623 606 125184 657 902 210 50 64 50 92 38 585.000000 24.000000 0.825106 0.614020 0 1 8054.732195
1 148 39790 235 29888 150 266 117 84 12 17 12 18 604.000000 18.000000 0.849508 0.389034 0 1 3.882835
1 30 3573 42 4665 29 51 21 1 6 0 0 8 643.000000 5.000000 0.951183 0.416667 0 1 0.500074
1 121 29562 99 71825 0 176 44 0 10 0 20 4 596.000000 4.000000 0.947536 0.600000 0 1 0.489898
1 20 2373 20 12125 0 25 15 0 2 0 4 4 683.000000 3.000000 0.982734 0.250000 0 1 2084.499479
1 55 13862 37 28089 0 82 10 0 4 0 8 4 482.000000 3.000000 0.981670 0.782609 0 1 0.000977
1 55 11955 45 30655 0 74 23 6 4 0 8 6 702.000000 2.000000 0.977716 0.510000 0 1 0.433014
1 18016 26810001 6630 464102 0 24589 53 0 30 19 53 7 621.000000 76.000000 0.866109 0.995537 0 1 11797.952705
1 109 29458 93 74187 0 186 16 0 14 2 18 6 684.000000 1.000000 0.974359 0.841584 0 1 28914.121852
1 14 1873 13 6794 0 13 14 0 1 1 2 2 689.000000 2.000000 0.988522 0.037037 0 1 0.003911
1 60 16643 43 38458 0 89 14 0 4 0 4 7 699.000000 2.000000 0.980365 0.728155 0 1 0.000977
1 9 711 9 786 0 8 10 0 0 0 4 4 576.000000 1.000000 0.987993 0.111111 0 0 0.000000
1 30 7198 21 14349 0 41 10 0 2 0 4 4 543.000000 2.000000 0.983696 0.607843 0 1 0.001955
1 35 9739 25 23580 0 56 4 0 2 0 4 4 477.000000 1.000000 0.987578 0.866667 0 1 0.001955
1 26 6834 19 14685 0 40 5 0 2 0 4 4 642.000000 2.000000 0.989214 0.777778 0 1 0.001955
1 44798 67118420 16174 847316 0 60936 32 0 14 1 26 6 439.000000 159.000000 0.726821 0.998885 0 1 9193.026225
1 14 3261 14 11782 0 22 6 0 1 0 2 3 714.000000 1.000000 0.993046 0.571429 0 1 0.003910
1 26 6774 17 13865 0 41 2 0 2 0 4 3 374.000000 1.000000 0.986807 0.906977 0 1 0.001955
1 14 3261 12 9976 0 22 4 0 1 0 2 2 675.000000 1.000000 0.994109 0.692308 0 1 0.003910
1 24 6682 17 13865 0 39 2 0 2 0 4 3 444.000000 1.000000 0.988864 0.902439 0 1 0.001955
1 14 3261 12 9976 0 22 4 0 1 0 2 2 635.000000 1.000000 0.993740 0.692308 0 1 0.003910
1 99 25314 75 54862 0 160 10 0 10 2 16 5 616.000000 2.000000 0.979332 0.862069 0 1 14967.100657
1 9 1408 10 7014 0 12 7 0 1 0 2 2 663.000000 3.000000 0.991031 0.263158 0 1 0.003911
1 38 9062 31 26011 0 63 6 0 4 0 8 3 467.000000 3.000000 0.981092 0.826087 0 1 0.500001
1 7 583 8 613 0 0 12 5 0 0 0 3 594.000000 4.000000 0.990000 0.800000 0 0 0.000000
1 2 212 3 941 0 0 5 0 0 0 0 2 597.000000 1.000000 0.995000 1.000000 0 0 0.000000
1 27 6938 21 14117 0 38 8 4 2 0 4 5 611.000000 4.000000 0.987076 0.625000 0 1 0.001955
1 6 520 6 494 0 0 10 4 0 0 0 3 675.000000 3.000000 0.994109 0.833333 0 0 0.000000
1 2 197 3 883 0 0 4 1 0 0 0 3 550.000000 1.000000 0.994575 0.800000 0 0 0.000000
1 25 6788 18 13986 0 39 4 0 2 0 4 3 594.000000 1.000000 0.990000 0.813953 0 1 0.001955
1 102 18989 85 67722 13 178 9 0 13 0 26 2 631.000000 6.000000 0.982866 0.903743 0 1 1020.733141
1 36 7462 27 14480 0 47 13 6 3 0 6 5 624.000000 2.000000 0.982677 0.539683 0 1 0.001303
1 14 3261 13 10675 0 22 5 0 1 0 2 3 595.000000 1.000000 0.991667 0.629630 0 1 0.003910
1 74 21822 58 45098 0 130 2 0 6 0 12 3 465.000000 2.000000 0.987261 0.969697 0 1 23100.641272
1 14 3261 12 9976 0 22 4 0 1 0 2 2 596.000000 1.000000 0.993333 0.692308 0 1 0.003910
1 25 6728 17 13865 0 40 2 0 2 0 4 3 465.000000 2.000000 0.987261 0.904762 0 1 0.001955
1 14 1794 16 7370 0 11 16 6 1 0 2 4 613.000000 1.000000 0.988710 0.166667 0 1 0.003911
1 29 6918 21 14051 0 48 2 0 3 0 6 3 488.000000 4.000000 0.983871 0.920000 0 1 0.001303
1 16 2604 15 12340 0 23 8 0 2 0 4 1 594.000000 3.000000 0.990000 0.483871 0 1 0.001955
1 12 3627 7 4131 0 17 2 0 1 0 2 2 467.000000 1.000000 0.991507 0.789474 0 1 0.003910
1 2 212 3 941 0 0 5 0 0 0 0 2 597.000000 1.000000 0.995000 1.000000 0 0 0.000000
1 106 22564 74 44014 39 167 8 0 16 0 22 3 584.000000 3.000000 0.973333 0.883333 0 1 20542.963191
1 2 212 2 242 0 0 4 0 0 0 0 1 598.000000 1.000000 0.996667 1.000000 0 0 0.000000
1 21 6538 15 14424 0 33 3 0 1 0 2 3 383.000000 1.000000 0.989664 0.833333 0 1 0.003910
1 2 212 2 242 0 0 4 0 0 0 0 1 598.000000 1.000000 0.996667 1.000000 0 0 0.000000
1 34 8722 23 18812 13 55 2 0 3 0 6 2 519.000000 1.000000 0.990458 0.929825 0 1 1805.714762
1 8 1356 9 6317 0 11 6 0 1 0 2 1 596.000000 2.000000 0.993333 0.294118 0 1 0.003911
1 35 8768 25 19551 13 57 3 0 3 0 6 3 381.000000 2.000000 0.984496 0.900000 0 1 1805.714762
1 23 6690 15 13846 0 34 4 0 1 0 2 2 595.000000 2.000000 0.991667 0.789474 0 1 0.003910
1 2 212 2 242 0 0 4 0 0 0 0 1 598.000000 1.000000 0.996667 1.000000 0 0 0.000000
1 21 6538 15 14424 0 33 3 0 1 0 2 3 383.000000 2.000000 0.987113 0.833333 0 1 0.003910
1 12 990 53 14431 0 13 52 0 1 1 2 4 674.000000 6.000000 0.967001 0.600000 0 1 0.005000
1 112 6979 165 26589 0 227 45 0 10 4 16 7 677.000000 8.000000 0.944212 0.657040 0 1 27243.227866
1 6 576 29 3279 0 0 35 0 0 0 0 6 689.000000 4.000000 0.963636 1.000000 0 0 0.000000
1 4 384 17 2234 0 0 21 0 0 0 0 4 628.000000 2.000000 0.976672 1.000000 0 0 0.000000
1 12 1047 66 16638 0 10 68 0 1 0 2 7 652.000000 3.000000 0.958824 0.743590 0 1 0.005000
1 4 384 23 2690 0 0 27 0 0 0 0 5 646.000000 3.000000 0.968516 1.000000 0 0 0.000000
1 6 576 23 3137 0 0 29 0 0 0 0 3 658.000000 2.000000 0.971935 1.000000 0 0 0.000000
1 5 480 28 3199 0 0 33 0 0 0 0 6 655.000000 4.000000 0.963235 1.000000 0 0 0.000000
1 11 1055 43 8942 0 11 43 0 1 0 2 6 642.000000 4.000000 0.959641 0.592593 0 1 0.005000
1 5 510 19 2499 0 0 24 0 0 0 0 3 662.000000 3.000000 0.976401 1.000000 0 0 0.000000
1 6 612 28 3185 0 0 34 0 0 0 0 6 676.000000 3.000000 0.964337 1.000000 0 0 0.000000
1 4 408 22 2779 0 0 26 0 0 0 0 5 674.000000 2.000000 0.972583 1.000000 0 0 0.000000
1 6 612 23 2712 0 0 29 0 0 0 0 4 647.000000 3.000000 0.970015 1.000000 0 0 0.000000
1 8 816 31 3419 0 0 39 0 0 0 0 6 654.000000 5.000000 0.963181 1.000000 0 0 0.000000
1 4 408 20 2573 0 0 24 0 0 0 0 4 662.000000 2.000000 0.973529 1.000000 0 0 0.000000
1 7 714 25 3015 0 0 32 0 0 0 0 5 638.000000 5.000000 0.968134 1.000000 0 0 0.000000
1 5 510 28 3199 0 0 33 0 0 0 0 6 661.000000 3.000000 0.967789 1.000000 0 0 0.000000
1 7 714 22 2620 0 0 29 0 0 0 0 5 681.000000 3.000000 0.974249 1.000000 0 0 0.000000
1 10 872 48 11602 0 12 46 0 1 0 2 6 648.000000 8.000000 0.961424 0.586207 0 1 0.005000
1 10 1015 42 8914 0 8 44 0 1 0 0 6 674.000000 3.000000 0.964235 0.692308 0 1 0.005000
1 6 556 21 2816 0 1 26 0 0 1 0 4 689.000000 3.000000 0.975921 0.925926 0 0 0.000000
1 18 1726 66 15436 0 22 62 0 2 0 4 7 661.000000 3.000000 0.953824 0.476190 0 1 0.002500
1 105 8746 202 66294 0 179 128 0 13 1 22 6 646.000000 4.000000 0.938953 0.166124 0 1 0.000385
1 128 10526 266 89468 0 215 179 0 16 1 30 6 643.000000 5.000000 0.930535 0.091371 0 1 0.000312
1 112 9320 217 70806 0 189 140 0 13 0 26 7 646.000000 5.000000 0.925501 0.148936 0 1 0.000385
1 11531 62078116 21105 1147542 0 32563 73 0 25 26 40 3 377.000000 9.000000 0.919512 0.995526 0 1 25567.927805
1 27418 44333381 29602 3389364 0 56913 107 0 1439 2865 2883 6 651.000000 18.000000 0.926031 0.996247 0 1 4203.409252
1 23 1968 55 12829 0 30 48 0 2 0 5 6 655.000000 5.000000 0.960411 0.230769 0 1 0.002500
1 6 612 19 2555 0 0 25 0 0 0 0 3 578.000000 3.000000 0.974705 1.000000 0 0 0.000000
1 9 918 33 3478 0 0 42 0 0 0 0 6 642.000000 3.000000 0.959641 1.000000 0 0 0.000000
1 8 816 29 3267 0 0 37 0 0 0 0 5 659.000000 5.000000 0.966276 1.000000 0 0 0.000000
1 6 612 20 2466 0 0 26 0 0 0 0 4 679.000000 3.000000 0.976978 1.000000 0 0 0.000000
1 9 918 32 3497 0 0 41 0 0 0 0 6 672.000000 3.000000 0.964132 1.000000 0 0 0.000000
1 14 1367 47 9576 0 9 52 0 1 1 0 6 667.000000 4.000000 0.959712 0.704918 0 1 0.005000
1 6 612 22 2745 0 0 28 0 0 0 0 4 674.000000 3.000000 0.973988 1.000000 0 0 0.000000
1 15 1556 58 15057 0 13 60 0 1 1 0 6 663.000000 3.000000 0.958092 0.643836 0 1 0.005000
1 9 918 31 3421 0 0 40 0 0 0 0 6 678.000000 5.000000 0.965812 1.000000 0 0 0.000000
1 6 612 22 2894 0 0 28 0 0 0 0 4 694.000000 3.000000 0.976090 1.000000 0 0 0.000000
1 11 1154 43 10260 0 15 39 0 1 0 2 6 622.000000 3.000000 0.961360 0.444444 0 1 0.005000
1 18 1676 63 15299 0 23 58 0 2 0 4 6 678.000000 4.000000 0.956276 0.432099 0 1 0.002500
1 37287 88002751 29289 1534222 0 66544 32 0 1 6 6 6 685.000000 8.000000 0.955370 0.999039 0 1 0.055583
1 8 816 24 2903 0 0 32 0 0 0 0 3 688.000000 3.000000 0.974504 1.000000 0 0 0.000000
1 23266 1070990 30758 68763894 0 53995 29 0 8 2 10 6 461.000000 7.000000 0.936992 0.998926 0 1 26892.641457
1 3287 151579 4352 9718539 0 7614 25 0 0 1 3 4 628.000000 3.000000 0.973643 0.993455 0 0 0.000000
1 3427 158891 4537 10039980 0 7916 48 0 3 1 0 8 676.000000 4.000000 0.958865 0.987946 0 1 25083.195248
1 4326 203259 5770 12599814 0 10065 31 0 5 8 10 7 664.000000 5.000000 0.958153 0.993859 0 1 27239.549725
1 20 2370 74 26143 0 32 62 0 1 0 2 4 658.000000 3.000000 0.969072 0.319149 0 1 0.005000
1 9 918 30 3232 0 0 39 0 0 0 0 6 669.000000 3.000000 0.963977 1.000000 0 0 0.000000
1 6 612 20 2466 0 0 26 0 0 0 0 5 676.000000 3.000000 0.978292 1.000000 0 0 0.000000
1 9 918 29 3269 0 0 38 0 0 0 0 6 658.000000 3.000000 0.966226 1.000000 0 0 0.000000
1 9 918 32 3662 0 0 41 0 0 0 0 6 681.000000 3.000000 0.963225 1.000000 0 0 0.000000
1 5 510 20 2480 0 0 25 0 0 0 0 5 691.000000 3.000000 0.975989 1.000000 0 0 0.000000
1 450 181866 580 86900 636 868 162 48 40 10 89 31 581.000000 17.000000 0.824113 0.685437 0 1 11.152466
1 39078 58371511 30996 2296272 63799 66969 3099 395 833 219 1070 171 161.000000 146.000000 0.223922 0.911465 0 1 190.471426
1 3500 3659339 3101 389847 5457 5690 858 75 184 61 374 54 318.000000 55.000000 0.442281 0.732010 0 1 52.169787
1 1132 616000 1235 165951 1130 1646 719 45 133 14 155 44 423.000000 69.000000 0.590782 0.391635 0 1 24.087107
1 5261 4777004 4727 741902 5219 9176 787 71 313 86 540 70 368.000000 64.000000 0.518310 0.839908 0 1 79.180042
1 12905 20814100 8298 664903 20024 20806 370 12 44 18 117 35 511.000000 22.000000 0.713687 0.963826 0 1 11.519297
1 3118 3144853 3075 347051 4256 5612 553 91 141 69 362 86 381.000000 84.000000 0.529903 0.816890 0 1 41.531992
1 9735 7412442 8513 1202250 12800 17564 683 171 481 149 1055 83 260.000000 185.000000 0.361613 0.925088 0 1 308.043130
1 2011 975550 1997 372382 2671 3551 425 61 171 45 320 47 434.000000 42.000000 0.604457 0.779940 0 1 2105.125197
1 5029 3420006 5657 694243 7738 9493 1172 114 603 82 952 130 335.000000 75.000000 0.465925 0.778682 0 1 119.211040
1 653 366856 1254 199250 1206 1547 360 25 35 146 418 57 418.000000 35.000000 0.586255 0.622444 0 1 9.824418
1 426 280676 480 105389 672 845 61 25 34 9 73 36 594.000000 7.000000 0.835443 0.865342 0 1 9.399809
1 157 74567 185 23762 224 315 27 6 12 2 23 17 640.000000 6.000000 0.898876 0.842105 0 1 5.024249
1 1076 1651599 832 85743 1187 1871 37 10 15 8 48 23 581.000000 7.000000 0.846939 0.961216 0 1 4.650450
1 2088 3217977 1349 113056 2190 3412 25 5 16 6 32 17 645.000000 9.000000 0.900838 0.985452 0 1 5.332317
1 382 354608 408 52787 573 715 75 19 23 6 43 25 604.000000 12.000000 0.866571 0.810127 0 1 7.045357
1 776 638595 750 91863 510 884 642 31 35 18 63 51 567.000000 12.000000 0.796348 0.158585 0 1 10.596726
1 1076 1347777 730 49668 1675 1771 35 6 12 3 42 20 562.000000 11.000000 0.838806 0.961240 0 1 4.284179
1 779 877630 619 67348 1232 1337 61 20 26 4 57 27 599.000000 11.000000 0.836592 0.912732 0 1 7.518813
1 405 402425 349 38170 634 727 27 7 15 1 31 18 626.000000 5.000000 0.880450 0.928382 0 1 5.833239
1 251 96943 282 34288 363 472 61 12 20 12 41 23 635.000000 7.000000 0.883171 0.771107 0 1 5.372151
1 63 6016 24 2796 72 83 3 1 1 0 7 7 661.000000 2.000000 0.980712 0.919540 0 1 0.059982
1 2284 2198017 2749 425994 3818 4709 288 112 163 109 284 95 462.000000 43.000000 0.644351 0.878403 0 1 50.807992
1 526 353429 567 94176 739 1070 23 11 70 18 91 19 542.000000 17.000000 0.779856 0.957914 0 1 15.063329
1 280 111058 365 47480 375 613 32 15 26 25 74 27 593.000000 13.000000 0.824757 0.900775 0 1 7.500000
1 130 33098 152 22834 167 267 15 7 9 6 23 14 645.000000 10.000000 0.897079 0.893617 0 1 3.829714
1 191 69965 226 37645 228 386 31 15 16 7 30 20 644.000000 8.000000 0.895688 0.851319 0 1 4.609774
1 12473 12365238 11190 1513014 17373 22784 872 418 825 209 1660 176 424.000000 77.000000 0.598870 0.926003 0 1 763.133687
1 5359 3583479 6097 653629 7167 8144 3302 101 724 83 416 78 215.000000 39.000000 0.299861 0.422661 0 1 124.032981
1 5419 3578008 6423 671261 7234 8140 3702 54 810 86 387 60 201.000000 49.000000 0.279555 0.374768 0 1 120.443553
1 4177 2756982 5225 576738 5449 6404 2988 53 656 84 313 59 181.000000 60.000000 0.252441 0.363327 0 1 94.265709
1 4247 2475486 5202 584094 5325 6564 2873 116 512 118 520 113 316.000000 59.000000 0.465390 0.390623 0 1 100.707727
1 5313 3787642 5976 628994 7067 7503 3775 59 334 85 316 50 512.000000 34.000000 0.712100 0.330233 0 1 75.070116
1 2208 992835 2515 367096 2477 2946 1767 26 183 76 212 51 485.000000 30.000000 0.717456 0.249629 0 1 42.296728
1 6615 6969796 5227 579775 5680 11643 197 59 272 100 297 49 471.000000 64.000000 0.655077 0.966560 0 1 61.218469
1 3795 2421923 4248 564604 4237 7074 959 97 570 154 459 77 308.000000 110.000000 0.430769 0.760288 0 1 87.685220
1 518 684893 716 59611 850 1149 75 11 259 7 28 31 518.000000 16.000000 0.721448 0.870340 0 1 27.616614
1 163 61111 432 57749 212 501 84 16 222 14 24 36 528.000000 12.000000 0.736402 0.700840 0 1 25.238697
1 402 222614 659 54580 411 894 153 30 250 3 48 35 485.000000 34.000000 0.679272 0.698398 0 1 30.310449
1 117 16470 289 44918 167 348 58 6 128 5 27 20 561.000000 14.000000 0.793494 0.714286 0 1 14.066716
1 66 14357 222 34041 112 220 58 6 89 5 27 18 611.000000 8.000000 0.864215 0.562500 0 1 9.848082
1 102 28777 201 42115 132 230 63 5 49 3 21 17 628.000000 5.000000 0.887006 0.551155 0 1 5.884067
1 103 17991 215 31473 187 255 53 8 59 12 26 20 640.000000 6.000000 0.891365 0.635220 0 1 8.479287
1 170 45012 299 50711 242 365 94 14 60 10 46 28 609.000000 10.000000 0.858956 0.577825 0 1 9.092976
1 46 3523 122 19471 83 133 35 1 44 3 18 12 647.000000 9.000000 0.911268 0.583333 0 1 4.861087
1 85 25986 185 26532 129 208 52 7 49 4 22 17 632.000000 8.000000 0.883916 0.577778 0 1 5.768836
1 97 33407 200 41761 118 216 71 7 49 8 25 18 627.000000 11.000000 0.872045 0.488215 0 1 5.717200
1 114 24359 232 34264 203 278 58 10 59 10 31 22 629.000000 8.000000 0.874826 0.635838 0 1 8.959579
1 85 12948 202 29299 141 207 70 7 50 7 39 23 615.000000 7.000000 0.869873 0.477352 0 1 5.885440
1 68 12696 145 22994 104 170 43 5 47 6 18 14 638.000000 8.000000 0.902404 0.596244 0 1 5.352576
1 90 23676 185 37997 124 212 53 9 49 11 18 20 625.000000 9.000000 0.884017 0.578182 0 1 5.594369
1 77 9779 169 25561 94 171 65 5 48 6 25 17 648.000000 10.000000 0.905028 0.430894 0 1 5.560276
1 118 26760 217 29923 193 267 57 10 59 18 25 21 638.000000 8.000000 0.889819 0.626866 0 1 8.496142
1 72 10120 209 29490 106 158 113 6 46 8 29 21 595.000000 7.000000 0.841584 0.160142 0 1 5.241610
1 70 15121 155 24560 114 180 45 6 49 2 21 14 621.000000 14.000000 0.878359 0.600000 0 1 5.812852
1 72 14530 172 37308 106 182 52 4 47 3 21 16 614.000000 7.000000 0.868458 0.532787 0 1 5.521922
1 58 13446 154 27139 86 136 66 2 44 0 21 14 633.000000 6.000000 0.895332 0.330189 0 1 4.935325
1 110 36023 218 29106 200 261 57 9 57 11 33 19 638.000000 6.000000 0.887344 0.621951 0 1 8.297263
1 431 229555 617 264800 549 934 104 24 124 16 39 35 552.000000 14.000000 0.776371 0.791985 0 1 16.111416
1 321 267449 390 99970 351 660 51 10 79 28 18 26 606.000000 9.000000 0.849930 0.856540 0 1 11.048131
1 9598 14085541 5644 662194 9624 15173 59 12 251 16 19 30 456.000000 37.000000 0.634214 0.991602 0 1 28.491911
1 429 86953 745 733277 463 1075 89 42 139 7 24 28 547.000000 22.000000 0.763966 0.839864 0 1 15.942722
1 163 44357 343 91111 234 433 63 7 129 15 27 25 609.000000 9.000000 0.848189 0.731225 0 1 16.194958
1 291 183530 402 97220 313 543 139 15 60 17 29 28 585.000000 19.000000 0.826271 0.582973 0 1 8.635135
1 148 27317 288 185529 210 386 50 8 85 9 28 20 585.000000 20.000000 0.826271 0.770642 0 1 10.017189
1 66 17662 159 27470 88 146 69 4 46 7 18 16 643.000000 7.000000 0.894298 0.342222 0 1 5.202333
1 1016 860675 1001 317810 1033 1913 94 16 90 12 98 27 563.000000 35.000000 0.783032 0.901834 0 1 19.143799
1 208 86445 298 43626 291 416 80 13 65 23 30 24 629.000000 10.000000 0.874826 0.664032 0 1 10.216775
1 161 55640 275 76482 182 328 97 7 54 16 25 23 625.000000 17.000000 0.869263 0.529817 0 1 7.340812
1 83 26527 167 27581 123 206 44 5 49 10 20 14 644.000000 6.000000 0.895688 0.648000 0 1 6.023970
1 66 13843 157 25141 95 153 60 3 46 7 19 16 648.000000 5.000000 0.901252 0.417040 0 1 5.184543
1 53 3881 137 20316 88 139 41 2 44 7 18 13 651.000000 6.000000 0.905424 0.515789 0 1 4.771861
1 262 165644 349 84555 328 527 74 9 66 25 26 22 629.000000 13.000000 0.874826 0.741408 0 1 10.016985
1 69 7115 161 23199 97 146 74 4 45 8 21 19 644.000000 6.000000 0.895688 0.313043 0 1 4.987193
1 70 17287 149 23960 107 174 45 5 47 9 16 14 647.000000 8.000000 0.899861 0.589041 0 1 5.468044
1 2393 1272820 2625 378150 2483 4803 205 55 369 103 343 60 434.000000 90.000000 0.603616 0.916301 0 1 53.993614
1 679 889809 761 94791 952 1358 72 12 61 43 22 39 523.000000 8.000000 0.727399 0.893056 0 1 9.025241
1 118 21348 236 39224 200 274 70 9 57 18 41 19 627.000000 8.000000 0.872045 0.576271 0 1 7.822516
1 181 43326 371 44665 244 418 123 18 71 17 55 34 576.000000 14.000000 0.801113 0.534420 0 1 12.103878
1 82 14327 159 25059 120 202 39 2 47 8 17 13 635.000000 6.000000 0.883171 0.676349 0 1 5.505995
1 209 177069 274 37385 244 407 66 8 53 13 21 20 618.000000 6.000000 0.859527 0.706004 0 1 7.051305
1 142 43710 256 76206 167 341 47 4 54 13 27 19 630.000000 8.000000 0.877437 0.738693 0 1 7.137514
1 1951 943023 1991 1127860 1986 3789 143 41 145 80 173 39 487.000000 22.000000 0.682073 0.924911 0 1 30.902075
1 169 55565 456 78215 199 555 60 7 54 29 66 30 511.000000 11.000000 0.750367 0.792000 0 1 7.628573
1 51 3942 151 21149 99 149 43 2 45 7 26 13 606.000000 5.000000 0.880814 0.524752 0 1 5.044689
1 119 41666 202 45213 148 249 72 8 52 14 21 18 594.000000 7.000000 0.865889 0.551402 0 1 6.658846
1 473 712804 635 49513 756 1027 71 11 238 12 19 26 502.000000 34.000000 0.699164 0.862816 0 1 25.279304
1 1370 1206071 1246 362750 201 2551 55 6 100 25 109 22 475.000000 21.000000 0.681492 0.954128 0 1 61.400224
1 7035 7393232 5957 1060702 114 12909 73 10 335 45 608 16 391.000000 44.000000 0.546853 0.987993 0 1 365.989273
1 578 214041 634 483705 105 1164 38 3 29 10 54 11 594.000000 25.000000 0.834270 0.929043 0 1 23.306569
1 425 57033 515 602369 100 907 33 1 15 7 29 7 605.000000 27.000000 0.892330 0.929787 0 1 10.405127
1 1000 1054072 825 263978 80 1766 48 1 39 15 77 11 560.000000 19.000000 0.816326 0.941370 0 1 36.370943
2 3229 336687 3868 783719 3453 6646 126 62 1592 1275 168 50 23.000000 671.000000 0.031989 0.918698 0 2 5582.826177
2 6496 6042553 6006 1487997 8853 12178 167 65 1552 1150 196 85 4.000000 719.000000 0.005563 0.960726 0 2 4722.448231
2 2624 403077 3130 835320 3198 5707 47 29 1192 914 73 29 -1.000000 720.000000 -0.001391 0.983664 0 2 9498.041508
2 9945 11592781 7097 982371 12806 16748 231 78 1711 1369 196 58 1.000000 720.000000 0.001391 0.969194 0 2 3511.751507
2 12289 9758971 11890 1734241 9976 23391 676 188 3244 2748 655 99 -1.000000 720.000000 -0.001391 0.939452 0 2 3206.368652
2 48464 55042020 33005 3812563 57736 80642 661 287 4379 3589 1732 143 -1.000000 720.000000 -0.001391 0.981735 0 2 9483.608613
2 64295 81553296 42486 3709967 66570 105833 725 276 3148 2621 1175 143 -1.000000 720.000000 -0.001391 0.984332 0 2 4556.325836
2 17696 14216814 447581 28501995 23502 34518 430716 350 5185 3543 1803 147 -1.000000 720.000000 -0.001391 0.851531 0 2 5288.156371
2 32420 38049541 26914 3486484 40282 58602 717 353 3943 3439 1342 152 -1.000000 720.000000 -0.001391 0.975579 0 2 10425.484306
2 7858 5849084 6902 1309674 10372 14305 443 152 906 626 984 141 1.000000 720.000000 0.001391 0.939160 0 2 5759.531620
2 1818 196317 2433 657589 3199 4011 234 78 397 205 129 36 0.000000 720.000000 0.000000 0.888497 0 2 3054.578915
2 1704 265731 2187 658687 3234 3747 82 30 314 178 91 36 0.000000 720.000000 0.000000 0.941917 0 2 7113.074860
2 2324 1457544 2324 636952 4169 4532 55 16 122 62 78 23 7.000000 719.000000 0.009736 0.963210 0 2 5070.097495
2 1334 135209 1685 592821 2787 2959 52 13 80 52 8 12 1.000000 720.000000 0.001391 0.962902 0 2 3436.266354
2 1365 134459 1742 575192 2814 3036 32 6 128 72 15 11 5.000000 720.000000 0.006954 0.966849 0 2 3187.007557
2 1464 190909 1870 601122 2980 3252 82 24 148 85 39 16 6.000000 720.000000 0.008345 0.950810 0 2 3535.372002
2 1310 131803 1669 571622 2762 2941 38 8 109 55 8 10 0.000000 719.000000 0.000000 0.974488 0 2 3405.996973
2 3652 1093767 3514 925626 4867 6972 184 86 338 490 619 47 0.000000 719.000000 0.000000 0.947251 0 2 4990.993550
2 1205 121055 1410 527644 2598 2615 0 0 17 0 0 2 10.000000 719.000000 0.013908 1.000000 0 1 1.459963
2 1209 120832 1405 524640 2599 2613 1 0 14 0 6 3 0.000000 719.000000 0.000000 0.999235 0 1 1.000004
2 1205 120678 1416 528194 2598 2619 2 0 21 0 0 3 9.000000 720.000000 0.012517 0.998474 0 1 1.632994
2 1216 121006 1442 518621 2579 2647 11 5 54 14 0 5 0.000000 719.000000 0.000000 0.991723 0 1 2803.730558
2 197 10910 50 10507 229 247 0 0 18 1 0 2 681.000000 20.000000 0.947149 1.000000 0 1 1.527527
2 163 9296 22 1346 159 180 5 2 19 2 0 4 695.000000 4.000000 0.972028 0.945946 0 1 1976.659062
2 175 9124 16 992 174 188 3 0 14 0 0 2 690.000000 4.000000 0.977337 0.968586 0 1 1.000004
2 175 9100 21 1260 175 196 0 0 21 0 0 1 694.000000 4.000000 0.970629 1.000000 0 1 1.632994
2 115 6054 43 2724 90 149 9 5 37 22 0 4 642.000000 4.000000 0.972727 0.886076 0 1 3099.271330
2 8 1840 30 1853 0 25 13 5 23 2 0 4 611.000000 8.000000 0.962205 0.315789 0 1 1815.079905
2 0 0 21 1276 0 20 1 0 20 0 0 2 694.000000 4.000000 0.970629 0.904762 0 1 1.609349
2 0 0 23 1412 0 21 2 0 21 0 0 2 643.000000 4.000000 0.965465 0.826087 0 1 1.632994
2 10 2435 32 1988 0 23 19 8 22 1 0 5 677.000000 5.000000 0.961648 0.095238 0 1 1342.278999
2 8 2490 30 1848 0 26 12 4 24 2 0 5 676.000000 5.000000 0.965714 0.368421 0 1 2400.942606
2 9 3050 24 1485 0 16 17 8 15 1 0 4 510.000000 4.000000 0.965909 0.030303 0 1 1607.166806
2 1 76 19 1140 0 19 1 0 19 0 0 1 687.000000 4.000000 0.973088 0.900000 0 1 1.575436
2 0 0 22 1320 0 22 0 0 22 0 0 1 697.000000 4.000000 0.969402 1.000000 0 1 1.799909
2 38 7834 63 4247 10 67 34 17 41 17 0 4 527.000000 10.000000 0.951264 0.326733 0 2 7006.276516
2 9247 13360021 5033 442865 13293 14128 152 35 271 160 145 36 407.000000 69.000000 0.574048 0.978711 0 2 4383.553115
2 17028 26854911 6135 508611 22125 23012 143 53 424 214 189 30 409.000000 26.000000 0.568846 0.987307 0 2 4192.209042
2 12274 20782031 5176 351550 16882 17387 62 18 162 81 122 26 499.000000 30.000000 0.700843 0.992837 0 2 4853.335003
2 13620 23681880 5846 436486 15222 19374 92 27 227 150 216 25 499.000000 18.000000 0.694019 0.990548 0 2 4233.799271
2 1293 652206 1601 448508 2025 2787 106 31 517 72 158 25 438.000000 16.000000 0.610028 0.926399 0 2 3588.958933
2 1328 874173 1190 201591 1833 2453 64 25 171 143 187 22 544.000000 9.000000 0.756606 0.948769 0 2 4572.298502
2 1302 968419 1192 193560 1725 2372 112 48 222 133 133 18 521.000000 15.000000 0.724618 0.906175 0 2 4089.233104
2 1002 637530 850 154473 1292 1811 41 12 174 113 149 15 552.000000 12.000000 0.769874 0.955724 0 2 4425.664585
2 4670 7993513 4196 385994 7480 8760 106 41 987 160 114 27 358.000000 19.000000 0.499303 0.976088 0 2 2963.488885
2 3794 4859050 2908 359236 4207 6530 163 72 309 186 229 61 478.000000 24.000000 0.664812 0.950015 0 2 4966.308499
2 12687 17175196 10369 1081929 18459 22847 199 86 399 249 531 99 390.000000 85.000000 0.544693 0.982304 0 2 5045.770547
2 5584 5822996 4846 546974 6130 10105 306 113 728 419 398 59 373.000000 79.000000 0.518776 0.939501 0 2 2672.171272
2 1604 374224 1275 198144 1961 2594 61 20 455 77 142 20 460.000000 25.000000 0.639777 0.879819 0 2 3198.036880
2 1026 448905 1054 182943 1433 1995 83 28 200 120 184 21 517.000000 13.000000 0.721060 0.919231 0 2 3961.896938
2 1074 600042 1377 201923 1628 2364 83 32 564 75 104 23 488.000000 26.000000 0.682517 0.930641 0 2 2740.686716
2 1051 572180 1436 212537 1594 2398 88 30 636 98 149 23 453.000000 19.000000 0.630042 0.928830 0 2 2884.244355
2 95959 171380589 40374 2284169 135166 136207 123 47 701 225 860 25 244.000000 310.000000 0.339360 0.998174 0 2 3062.849428
2 1099 789997 930 144382 1390 1981 48 16 268 112 127 18 494.000000 23.000000 0.688982 0.952686 0 2 3544.961514
2 1133 539268 1103 205542 1180 2042 193 52 261 150 150 31 471.000000 25.000000 0.657821 0.826923 0 2 3405.567753
2 1169 549581 1734 240425 1629 2688 215 69 719 109 194 49 371.000000 30.000000 0.515994 0.851877 0 2 2969.637888
2 1477 1140106 1691 228915 1985 3100 68 35 629 169 88 19 437.000000 50.000000 0.609484 0.957071 0 2 3098.031834
2 1596 701611 2123 244829 2189 3522 185 95 1025 269 277 25 376.000000 39.000000 0.522949 0.897284 0 2 2625.609620
2 207 116246 198 17412 319 397 7 2 112 21 88 15 647.000000 34.000000 0.903631 0.962963 0 2 4012.606445
2 1 76 19 1172 0 17 3 0 17 0 0 2 607.000000 4.000000 0.969649 0.700000 0 1 1.459964
2 26 7162 54 3712 28 60 20 10 28 9 7 5 630.000000 9.000000 0.954545 0.500000 0 2 12122.182266
2 7 1482 32 1938 0 32 7 4 28 4 0 3 564.000000 4.000000 0.955932 0.641026 0 1 2909.276084
1 0 0 9 1725 0 0 9 0 0 0 0 2 670.000000 1.000000 0.986745 1.000000 0 0 0.000000
1 0 0 9 1779 0 0 9 0 0 0 0 2 671.000000 1.000000 0.986765 1.000000 0 0 0.000000
1 0 0 10 1817 0 0 10 0 0 0 0 2 673.000000 1.000000 0.985359 1.000000 0 0 0.000000
1 0 0 9 1725 0 0 9 0 0 0 0 2 702.000000 1.000000 0.987342 1.000000 0 0 0.000000
1 5 376 14 3324 0 10 9 0 1 0 2 3 671.000000 1.000000 0.985316 0.052632 0 1 0.005000
1 0 0 9 1725 0 0 9 0 0 0 0 2 672.000000 1.000000 0.986784 1.000000 0 0 0.000000
1 0 0 11 2207 0 0 11 0 0 0 0 2 667.000000 1.000000 0.983776 1.000000 0 0 0.000000
1 0 0 10 1817 0 0 10 0 0 0 0 2 634.000000 1.000000 0.984472 1.000000 0 0 0.000000
1 0 0 9 1725 0 0 9 0 0 0 0 2 678.000000 1.000000 0.986900 1.000000 0 0 0.000000
1 0 0 9 1725 0 0 9 0 0 0 0 2 668.000000 3.000000 0.986706 1.000000 0 0 0.000000
1 0 0 10 1966 0 0 10 0 0 0 0 2 695.000000 1.000000 0.985816 1.000000 0 0 0.000000
1 0 0 10 1817 0 0 10 0 0 0 0 2 672.000000 1.000000 0.985337 1.000000 0 0 0.000000
1 0 0 9 1725 0 0 9 0 0 0 0 2 670.000000 3.000000 0.986745 1.000000 0 0 0.000000
1 0 0 9 1725 0 0 9 0 0 0 0 2 671.000000 1.000000 0.986765 1.000000 0 0 0.000000
1 0 0 10 1966 0 0 10 0 0 0 0 2 705.000000 1.000000 0.986014 1.000000 0 0 0.000000
1 0 0 10 1817 0 0 10 0 0 0 0 2 671.000000 3.000000 0.985316 1.000000 0 0 0.000000
1 0 0 9 1725 0 0 9 0 0 0 0 2 669.000000 1.000000 0.988183 1.000000 0 0 0.000000
1 0 0 9 1725 0 0 9 0 0 0 0 2 670.000000 1.000000 0.986745 1.000000 0 0 0.000000
1 0 0 10 1966 0 0 10 0 0 0 0 2 681.000000 1.000000 0.985528 1.000000 0 0 0.000000
1 0 0 9 1630 0 0 9 0 0 0 0 2 644.000000 1.000000 0.986217 1.000000 0 0 0.000000
1 101 8352 86 27013 0 178 9 0 13 1 22 3 673.000000 4.000000 0.960057 0.903743 0 1 0.000385
1 116 9442 97 30113 0 205 8 0 15 0 29 4 657.000000 3.000000 0.953556 0.924883 0 1 0.000333
1 108 8940 89 28394 0 189 8 0 13 0 26 3 659.000000 5.000000 0.953690 0.918782 0 1 0.000385
1 107 8888 91 28822 0 188 10 0 13 0 25 3 676.000000 2.000000 0.957507 0.898990 0 1 0.000385
1 87 7808 75 27666 0 153 9 0 8 0 15 3 644.000000 4.000000 0.958333 0.888889 0 1 0.000625
1 107 8888 90 28581 0 188 9 0 13 0 25 3 671.000000 3.000000 0.954481 0.908629 0 1 0.000385
1 107 8888 89 28394 0 188 8 0 13 0 25 3 659.000000 3.000000 0.957849 0.918367 0 1 0.000385
1 108 8940 89 28394 0 189 8 0 13 0 26 3 654.000000 3.000000 0.956140 0.918782 0 1 0.000385
1 56 4572 51 15289 0 98 9 0 7 1 13 3 609.000000 3.000000 0.966667 0.831776 0 1 0.000714
1 0 0 10 1817 0 0 10 0 0 0 0 2 668.000000 3.000000 0.985251 1.000000 0 0 0.000000
1 62 5128 56 17113 0 109 9 0 8 0 14 3 690.000000 3.000000 0.973202 0.847458 0 1 0.000625
1 33 2668 34 9497 0 58 9 0 4 0 9 3 678.000000 4.000000 0.975540 0.731343 0 1 0.001250
1 0 0 10 1966 0 0 10 0 0 0 0 2 680.000000 1.000000 0.985507 1.000000 0 0 0.000000
1 0 0 10 1817 0 0 10 0 0 0 0 2 682.000000 1.000000 0.985549 1.000000 0 0 0.000000
1 0 0 9 1725 0 0 9 0 0 0 0 2 669.000000 1.000000 0.986726 1.000000 0 0 0.000000
1 0 0 9 1725 0 0 9 0 0 0 0 2 669.000000 1.000000 0.986726 1.000000 0 0 0.000000
1 0 0 10 1966 0 0 10 0 0 0 0 2 683.000000 1.000000 0.985570 1.000000 0 0 0.000000
1 0 0 10 1817 0 0 10 0 0 0 0 2 672.000000 1.000000 0.985337 1.000000 0 0 0.000000
1 0 0 9 1725 0 0 9 0 0 0 0 2 669.000000 1.000000 0.986726 1.000000 0 0 0.000000
1 0 0 8 1538 0 0 8 0 0 0 0 2 664.000000 1.000000 0.988095 1.000000 0 0 0.000000
1 0 0 9 1725 0 0 9 0 0 0 0 2 670.000000 1.000000 0.986745 1.000000 0 0 0.000000
1 0 0 10 1966 0 0 10 0 0 0 0 2 680.000000 1.000000 0.985507 1.000000 0 0 0.000000
1 0 0 10 1817 0 0 10 0 0 0 0 2 671.000000 1.000000 0.985316 1.000000 0 0 0.000000
1 0 0 9 1725 0 0 9 0 0 0 0 2 667.000000 2.000000 0.986686 1.000000 0 0 0.000000
1 0 0 9 1725 0 0 9 0 0 0 0 2 668.000000 1.000000 0.986706 1.000000 0 0 0.000000
1 0 0 9 1737 0 0 9 0 0 0 0 1 685.000000 1.000000 0.987032 1.000000 0 0 0.000000
1 0 0 10 1817 0 0 10 0 0 0 0 2 671.000000 2.000000 0.985316 1.000000 0 0 0.000000
1 0 0 9 1725 0 0 9 0 0 0 0 2 671.000000 1.000000 0.986765 1.000000 0 0 0.000000
1 0 0 9 1725 0 0 9 0 0 0 0 2 669.000000 1.000000 0.986726 1.000000 0 0 0.000000
1 0 0 10 1966 0 0 10 0 0 0 0 2 678.000000 1.000000 0.985465 1.000000 0 0 0.000000
1 0 0 10 1817 0 0 10 0 0 0 0 2 669.000000 2.000000 0.985272 1.000000 0 0 0.000000
1 0 0 8 1538 0 0 8 0 0 0 0 2 668.000000 1.000000 0.988166 1.000000 0 0 0.000000
1 0 0 9 1725 0 0 9 0 0 0 0 2 667.000000 1.000000 0.988148 1.000000 0 0 0.000000
1 0 0 9 1725 0 0 9 0 0 0 0 2 671.000000 1.000000 0.986765 1.000000 0 0 0.000000
1 0 0 9 1779 0 0 9 0 0 0 0 2 667.000000 1.000000 0.986686 1.000000 0 0 0.000000
1 0 0 10 1817 0 0 10 0 0 0 0 2 667.000000 1.000000 0.985229 1.000000 0 0 0.000000
