2 83221 83307627 70720 10808741 96057 140960 11551 2653 7111 3089 5864 1283 -1.000000 720.000000 -0.001391 0.840640 0 6 17384.458914
2 106134 111611193 81888 9290350 108476 168117 17163 3828 5370 1845 3915 1132 -1.000000 720.000000 -0.001391 0.802853 0 6 18693.464874
2 368409 501824662 314725 24438287 536548 666421 14574 2379 5135 3202 4432 1144 -1.000000 720.000000 -0.001391 0.954201 0 6 13671.754507
2 357531 498633599 275668 20588125 584134 619182 12681 1975 3674 1412 4556 1128 -1.000000 720.000000 -0.001391 0.957836 0 5 14254.443679
2 189497 258828817 139921 13669120 288174 311953 15113 2027 2604 639 2066 943 -1.000000 720.000000 -0.001391 0.901104 0 6 12228.570024
2 43057 41758808 39184 12452481 55134 66896 11341 1845 2498 630 1961 1091 -1.000000 720.000000 -0.001391 0.675515 0 5 12082.402771
2 161148 218769870 116623 12840955 240166 258261 14672 2158 3733 1046 3349 1224 -1.000000 720.000000 -0.001391 0.876942 0 5 10423.590931
2 41347 34322112 44044 6117473 51392 71333 10074 2203 3805 1318 4216 901 -1.000000 720.000000 -0.001391 0.717394 0 5 9723.818848
2 65274 78815347 46893 6117823 71199 98716 10014 1825 2351 667 2713 867 -1.000000 720.000000 -0.001391 0.790803 0 6 12282.286632
2 49538 45204088 42192 7093366 43563 74711 15806 1921 3103 1440 3278 966 -1.000000 720.000000 -0.001391 0.642156 0 5 10769.301817
2 12756 7022576 17158 2694045 8239 17300 11049 1406 2549 571 1559 898 -1.000000 720.000000 -0.001391 0.208966 0 5 10027.797490
2 48454 60303573 23141 3575219 52863 58807 11691 959 1512 1222 734 639 -1.000000 720.000000 -0.001391 0.658091 0 4 9781.425199
2 33642 42778675 26189 2617684 45087 49961 8757 1063 1638 189 751 672 -1.000000 720.000000 -0.001391 0.688673 0 4 10674.075677
2 47367 58278373 36581 3102056 67181 71610 10905 1238 1597 576 860 716 -1.000000 720.000000 -0.001391 0.723126 0 4 12047.443623
2 46593 47184605 37114 5718389 42886 53112 28671 1617 2018 643 1814 1008 -1.000000 720.000000 -0.001391 0.291983 0 5 13199.397519
2 111033 131624919 62242 6292254 108570 118043 54208 1995 2255 1967 2145 910 -1.000000 720.000000 -0.001391 0.368403 0 5 13226.048223
2 58236 61260044 46061 8982729 62697 88475 15308 1796 2298 1018 2955 811 -1.000000 720.000000 -0.001391 0.701525 0 5 14774.311535
2 49256 47361200 43595 6980359 59755 79073 13226 1984 3060 1718 3506 795 -1.000000 720.000000 -0.001391 0.709168 0 5 12349.092008
2 90632 90214140 66703 10691406 82644 130964 25216 1864 3879 2110 4347 1432 -1.000000 720.000000 -0.001391 0.672120 0 5 10755.035614
2 48071 32599979 49338 8192525 43884 79672 17213 1803 6001 3238 5359 1215 -1.000000 720.000000 -0.001391 0.641204 0 5 9410.815645
2 91362 92072712 80262 10551249 86541 158133 12442 1981 7034 4646 5646 1220 -1.000000 720.000000 -0.001391 0.848896 0 5 8737.624716
2 87201 91566233 70060 8052718 89542 142857 12721 2214 6126 3096 4388 1160 -1.000000 720.000000 -0.001391 0.827516 0 5 11786.115595
2 88937 87041143 65950 7245313 113272 142118 11063 3621 5365 2048 3709 1379 -1.000000 720.000000 -0.001391 0.846133 0 5 11345.496980
2 64053 72777214 54949 8025331 64551 108080 9800 2617 5063 2335 4122 1003 -1.000000 720.000000 -0.001391 0.825868 0 5 11360.274387
2 175988 226186554 149243 13668533 268140 310647 13639 1784 4960 1648 4668 1095 -1.000000 720.000000 -0.001391 0.913222 0 4 13930.078414
2 76838 67192791 65043 9899670 61974 131267 10137 1778 6598 2526 5746 1102 -1.000000 720.000000 -0.001391 0.853744 0 5 13667.974655
2 116866 113470388 101785 12732622 117407 205653 12528 3250 8077 3522 7401 1072 -1.000000 720.000000 -0.001391 0.883257 0 6 12584.258442
2 186887 266059290 107834 9299601 251678 283115 10983 1823 5938 1644 4184 1120 -1.000000 720.000000 -0.001391 0.923355 0 5 8682.847184
2 204191 305438556 111053 9808982 253549 301232 13020 2002 5045 1592 3610 1091 -1.000000 720.000000 -0.001391 0.914251 0 4 8261.551204
2 106510 123212895 78883 8359061 93334 172062 11836 1614 6581 2882 3845 983 -1.000000 720.000000 -0.001391 0.864251 0 5 8181.489121
2 106178 137176942 73714 7587337 142994 167059 11642 1301 4495 1141 2613 969 -1.000000 720.000000 -0.001391 0.863946 0 5 8056.522934
2 52839 56850090 47112 6071183 69241 86521 11988 1772 3809 808 2102 925 -1.000000 720.000000 -0.001391 0.745695 0 4 7758.959262
2 101918 122602264 81043 8416364 149746 170483 11324 1747 2723 1058 2516 812 -1.000000 720.000000 -0.001391 0.869907 0 6 12716.685050
2 87664 102599228 70394 7786543 122698 143518 13255 1866 3576 2398 2061 873 -1.000000 720.000000 -0.001391 0.824147 0 5 8499.384891
2 60879 68007656 49587 5748265 81579 97045 12210 1900 2943 909 1641 837 -1.000000 720.000000 -0.001391 0.767974 0 5 8998.775088
2 35823 31724868 34860 4696737 39928 56419 12486 1878 3342 858 1788 886 -1.000000 720.000000 -0.001391 0.621550 0 5 9586.390381
2 38109 38445483 35764 5124094 45766 56937 15795 1630 3079 1065 1437 934 -1.000000 720.000000 -0.001391 0.556929 0 5 8775.307386
2 73524 90135719 55966 6894061 96005 113574 13693 1982 2991 594 2287 866 -1.000000 720.000000 -0.001391 0.771341 0 5 8857.513782
2 186088 261564478 110392 9462787 269477 286053 9376 972 2510 1330 2224 653 -1.000000 497.000000 -0.002016 0.933206 0 5 8502.124547
2 293080 451121403 160541 10656885 431009 441328 10899 1161 2677 530 1394 706 -1.000000 720.000000 -0.001391 0.948874 0 5 6982.714371
2 234405 362977234 132823 8544869 345130 352595 13267 1407 2260 379 968 637 -1.000000 720.000000 -0.001391 0.924025 0 5 8077.452179
2 301927 452125098 187178 11739485 462942 474157 13111 1456 2664 469 1792 693 -1.000000 720.000000 -0.001391 0.942632 0 4 10372.408711
2 308753 441313149 222367 15326655 505690 516055 13527 1882 3426 953 2279 915 -1.000000 720.000000 -0.001391 0.946167 0 4 13746.316309
2 315208 441059843 183216 13256723 396411 407015 89206 1449 2882 520 1481 940 -1.000000 720.000000 -0.001391 0.637628 0 4 8563.149571
2 267058 388777773 189175 11995569 420790 425979 29192 1051 1918 111 574 639 -1.000000 720.000000 -0.001391 0.869703 0 4 9812.571559
2 246675 356253151 173342 11822568 379948 383501 35574 1123 2363 234 1192 715 -1.000000 720.000000 -0.001391 0.828364 0 4 10411.794040
2 32297 38231791 33547 4607059 45446 49755 15186 1194 2324 268 720 720 -1.000000 720.000000 -0.001391 0.525014 0 4 10665.117971
2 32570 35656854 29859 5484678 37669 43444 17910 1127 2092 270 763 732 -1.000000 720.000000 -0.001391 0.409009 0 4 23795.160316
2 15777 11324748 19470 3828466 14458 18802 15487 1036 1611 116 719 698 -1.000000 654.000000 -0.001531 0.094051 0 4 25439.194106
2 130591 199433525 104943 8631510 211631 217733 16906 1469 2047 491 897 730 -1.000000 720.000000 -0.001391 0.852645 0 4 27816.120624
2 86966 106782972 52871 7411155 92920 122482 16347 1875 2216 455 1113 761 -1.000000 720.000000 -0.001391 0.758991 0 4 27505.825076
2 175915 252186814 105800 8176634 260759 271927 8989 880 1708 395 883 547 -1.000000 408.000000 -0.002457 0.933348 0 4 28524.409464
2 190216 272302523 118625 8759361 287201 297144 11062 1306 1989 608 1153 707 -1.000000 443.000000 -0.002262 0.926308 0 5 27883.391699
2 116368 166203233 82627 8191783 166676 178646 19480 2734 2557 417 2002 773 -1.000000 720.000000 -0.001391 0.799849 0 5 26819.933972
2 134324 145896118 88805 8301277 184312 206601 15991 1389 5854 1132 5106 963 -1.000000 720.000000 -0.001391 0.854259 0 5 1450.442025
2 317777 383697269 183560 12406811 457513 492381 8629 1399 6073 1285 5651 907 -1.000000 720.000000 -0.001391 0.964924 0 4 2018.128553
2 49254 38782885 47734 4848005 63773 89129 6370 1107 5825 1025 3998 778 -1.000000 720.000000 -0.001391 0.853291 0 4 4380.814033
2 49013 34662193 49656 5656100 65405 85927 12035 2090 6389 1365 3795 1025 -1.000000 720.000000 -0.001391 0.748888 0 4 7087.731582
2 54644 47490809 49598 4442850 56828 92999 10008 1284 5593 1092 2834 950 -1.000000 720.000000 -0.001391 0.796138 0 4 9976.107251
2 78180 72578845 60312 5496685 88223 114217 23127 1367 6200 1601 4050 1067 -1.000000 720.000000 -0.001391 0.657728 0 4 12784.155839
2 94793 100816797 64486 7758417 114009 155274 3849 804 5104 971 5010 783 -1.000000 720.000000 -0.001391 0.950690 0 4 15163.762614
2 105929 105522771 69038 7449990 128713 168296 6188 1034 5332 891 5819 789 -1.000000 720.000000 -0.001391 0.926506 0 5 17429.055973
2 317242 341144309 245079 21439011 113034 168941 390996 1055 5808 1390 4339 1067 -1.000000 720.000000 -0.001391 0.394890 0 5 18655.309717
2 156362 171907286 119488 10631475 88210 133065 142159 716 5126 941 3001 987 -1.000000 720.000000 -0.001391 0.032967 0 4 16491.970317
2 114480 124120687 71770 6839495 120587 181115 4713 576 4839 640 3368 679 -1.000000 720.000000 -0.001391 0.947125 0 4 14520.237240
2 143778 165162540 86257 6772492 160695 225916 3522 562 4568 603 2542 589 -1.000000 720.000000 -0.001391 0.966783 0 4 12909.356658
2 56915 67124898 36745 3687404 73782 89638 3560 283 4247 448 1558 382 -1.000000 720.000000 -0.001391 0.919048 0 5 11439.319611
2 111931 140014236 67689 4732983 85903 96285 82850 335 3961 281 1302 528 -1.000000 720.000000 -0.001391 0.074797 0 5 10151.218100
2 151641 210823098 90370 5795897 205922 239231 2450 286 2888 418 1403 512 -1.000000 490.000000 -0.002045 0.978389 0 4 8949.910020
2 165229 237141005 99333 5409244 183452 262586 1565 221 2520 308 963 350 0.000000 461.000000 0.000000 0.986616 0 4 8004.608441
2 180845 219584488 119964 8482682 167594 277858 22379 627 5349 911 2701 968 -1.000000 720.000000 -0.001391 0.849306 0 4 6671.078595
2 116544 151544049 85456 6452174 58857 197025 4052 374 3944 564 1915 676 -1.000000 720.000000 -0.001391 0.955312 0 4 4885.100368
2 63298 63991519 52599 5693439 58089 104312 10968 471 4070 736 2800 538 -1.000000 720.000000 -0.001391 0.805405 0 4 2995.307179
2 62843 65140374 47717 4150441 92641 106315 3739 443 3921 494 1930 575 -1.000000 720.000000 -0.001391 0.927786 0 5 1624.984395
2 39451 38351247 29229 3169520 41815 65145 3091 384 3947 474 1685 452 -1.000000 720.000000 -0.001391 0.903524 0 4 387.751226
2 19778 12750063 20078 3287376 23777 36574 2740 376 3739 310 1867 500 -1.000000 720.000000 -0.001391 0.848906 0 4 1229.128983
2 38678 36149035 30402 3451495 44172 65610 2951 356 3282 679 1643 438 -1.000000 720.000000 -0.001391 0.907050 0 4 2379.856967
2 49814 41378049 39598 4163853 57101 83003 4739 919 4703 924 3715 809 -1.000000 720.000000 -0.001391 0.875319 0 4 4143.475216
2 57950 61541208 41305 4979169 71373 95333 3249 546 4318 965 2457 601 -1.000000 720.000000 -0.001391 0.927752 0 4 6162.977698
2 57846 74544759 40491 4783243 78856 93999 3800 298 3790 506 1757 396 -1.000000 720.000000 -0.001391 0.917244 0 4 7771.099020
2 122306 153293821 80426 6242963 167635 198680 3400 481 4092 586 2601 595 -1.000000 720.000000 -0.001391 0.963242 0 4 9133.664407
2 94664 108332602 62101 4194875 99696 153902 2359 352 3658 411 1556 471 -1.000000 720.000000 -0.001391 0.966689 0 4 10457.032725
2 48764 49057791 43228 3205244 65144 88640 2806 430 3735 454 1678 493 -1.000000 720.000000 -0.001391 0.933059 0 4 11782.352806
2 23195 16602059 23247 2619499 28116 42725 3312 512 3934 557 2234 519 -1.000000 720.000000 -0.001391 0.848650 0 4 13109.487671
2 21899 18047666 21350 3422358 26330 39585 3125 299 3538 344 1827 349 -1.000000 720.000000 -0.001391 0.843025 0 4 14397.197915
2 33803 25891827 29460 3582140 40307 59073 2853 602 4219 779 2323 456 -1.000000 720.000000 -0.001391 0.888671 0 4 15846.071537
2 44507 43240151 33200 3268611 48003 73814 3066 519 3758 462 2100 405 -1.000000 720.000000 -0.001391 0.910446 0 4 17478.461119
2 160396 179415683 112779 7230258 197012 265240 7067 584 4054 790 2791 640 -1.000000 720.000000 -0.001391 0.945083 0 4 18898.935472
2 89156 95171726 62118 6083591 92327 140416 9760 430 3809 1453 2318 667 -1.000000 720.000000 -0.001391 0.863704 0 4 18394.364263
2 88551 96864066 59350 4877488 86628 135720 11163 316 3463 409 1924 404 -1.000000 720.000000 -0.001391 0.842165 0 4 16939.445442
2 54986 57432424 38367 3391617 57894 89737 3105 348 3392 390 1736 451 -1.000000 720.000000 -0.001391 0.928004 0 4 15769.694955
2 74440 81126680 47289 3422849 77991 118317 2646 359 3481 401 1698 414 -1.000000 720.000000 -0.001391 0.950234 0 4 14595.834419
2 21120 13526723 21314 2232541 22919 37368 4156 664 4005 543 2301 622 0.000000 720.000000 0.000000 0.782674 0 4 13264.108486
2 26927 17889049 27107 3251415 32745 49255 4288 879 4951 1299 3065 703 -1.000000 720.000000 -0.001391 0.832198 0 4 11524.535945
2 28196 23644644 28202 3160394 34082 47814 7903 377 4064 555 1790 563 -1.000000 720.000000 -0.001391 0.707667 0 4 9883.508207
2 20367 13160437 22721 4017613 24328 37628 4764 497 4232 990 2128 508 -1.000000 720.000000 -0.001391 0.762718 0 5 8561.735448
2 21290 16315784 20290 3271101 22807 37631 3446 334 3859 502 1960 452 -1.000000 720.000000 -0.001391 0.822150 0 4 7212.617282
2 18169 8790900 21402 3822240 15859 35668 3298 392 4458 839 3495 508 -1.000000 720.000000 -0.001391 0.818023 0 5 5734.754875
2 16743 13015640 14815 2075280 18663 28324 2815 388 3515 561 1759 364 -1.000000 720.000000 -0.001391 0.808321 0 4 4308.234522
2 15015 10085928 16381 2450141 14558 26031 4926 391 3488 599 1824 557 4.000000 720.000000 0.005563 0.672219 0 3 3183.828681
2 29493 29715389 23772 2573711 37397 50311 2584 264 3669 694 1631 655 0.000000 720.000000 0.000000 0.896029 0 3 2041.950851
2 38101 41332362 26205 2302440 52052 62174 1547 183 3222 494 1014 522 1.000000 720.000000 0.001391 0.942789 0 3 919.571457
2 14039 12914238 12137 1335321 13138 24146 1664 148 2745 287 739 439 1.000000 720.000000 0.001391 0.858878 0 3 252.990323
2 22029 23042435 15757 2084713 20453 35346 2144 114 2275 283 623 338 12.000000 720.000000 0.016690 0.878685 0 3 880.118380
2 42916 50850211 26065 2122951 42089 67392 1265 146 1741 699 702 255 20.000000 720.000000 0.027816 0.958626 0 2 1495.211735
2 36882 43554988 22864 1734595 30597 51998 7374 148 1716 490 761 263 17.000000 720.000000 0.023644 0.746895 0 2 2134.561118
2 38773 44859644 24649 1864063 39009 62102 994 112 1636 255 820 215 19.000000 720.000000 0.026426 0.963514 0 2 2707.121259
2 33285 37175855 21717 1531950 31767 52726 1906 138 1634 191 632 199 15.000000 720.000000 0.020862 0.923966 0 2 3261.782436
2 31542 37436023 24601 5486031 39897 53801 1346 633 1977 593 1558 329 51.000000 244.000000 0.070932 0.934311 0 2 5804.865733
2 138477 190548716 102698 10933584 211277 231927 6657 2822 3654 1325 4755 682 2.000000 720.000000 0.002782 0.934052 0 3 17688.661601
2 308980 443301155 252713 19031137 526032 556273 3598 1833 2473 1279 2739 765 0.000000 720.000000 0.000000 0.983945 0 3 18942.885230
2 291069 417575421 239839 17678285 505225 525814 3420 692 1626 1063 2953 410 -1.000000 720.000000 -0.001391 0.983963 0 3 21894.184621
2 232965 339888983 169584 11007278 393246 401051 1104 324 492 227 811 180 -1.000000 565.000000 -0.001773 0.993536 0 2 25337.512895
2 192438 273134113 135198 9723114 310799 325387 1938 599 1094 913 2234 337 9.000000 720.000000 0.012517 0.987221 0 3 20984.437905
2 18364 14806299 17748 3991823 19461 34318 1617 618 1405 783 1703 348 22.000000 463.000000 0.030598 0.905544 0 2 19038.622670
2 113967 162515151 89836 6951476 178027 201538 2164 723 1435 933 2209 380 13.000000 720.000000 0.018081 0.978268 0 2 17770.069704
2 16100 15951640 14997 1687337 17550 28954 1827 491 692 558 1244 250 38.000000 346.000000 0.052851 0.872335 0 2 21706.582326
2 18574 14467200 16639 2347275 18906 32784 1912 569 1083 862 1550 268 37.000000 227.000000 0.051460 0.876722 0 3 21875.522765
2 91644 125732911 99959 11193803 95251 188930 1907 689 1467 1022 2345 444 29.000000 532.000000 0.040334 0.976096 0 2 18031.552957
2 222161 278804218 287602 23447952 223418 507215 1670 562 879 564 1645 298 6.000000 720.000000 0.008345 0.991726 0 2 21735.970755
2 45519 62035547 22659 1800288 53004 66134 1031 293 224 145 499 99 131.000000 203.000000 0.182197 0.954897 0 2 18428.426832
2 9214 10394197 8933 741846 11425 16867 1152 351 1740 183 380 389 139.000000 266.000000 0.193324 0.865983 0 2 13300.376894
2 59441 77516023 48520 3649756 89626 106370 1369 481 3993 845 1115 767 1.000000 720.000000 0.001391 0.972583 0 2 13395.969489
2 66522 82200437 56739 5308450 73123 103124 19589 833 4657 934 2109 1316 -1.000000 720.000000 -0.001391 0.677708 0 2 12457.373375
2 112648 163136539 107086 8937578 170134 215540 2660 975 8316 2673 4232 1934 -1.000000 720.000000 -0.001391 0.968808 0 2 7824.822292
2 43071 49003616 43104 5056836 55598 83775 2012 800 5278 993 2309 1155 -1.000000 720.000000 -0.001391 0.948802 0 2 9357.587270
2 39831 47416434 37133 3456186 53251 71923 4552 665 6228 904 1607 1444 -1.000000 720.000000 -0.001391 0.875357 0 2 7707.752717
2 51252 66911588 40378 3873194 61010 77567 13108 471 4638 609 1651 1654 1.000000 720.000000 0.001391 0.703470 0 2 8098.359537
2 36989 41879610 32520 3612616 46880 65667 2209 964 4743 962 2235 1044 -1.000000 720.000000 -0.001391 0.912947 0 3 10098.035664
2 46531 61337298 43767 4328630 57136 87573 1697 748 4281 710 1308 1026 2.000000 720.000000 0.002782 0.951029 0 2 8690.999517
2 114740 145146397 111705 40945282 165299 224025 1974 662 4443 1109 1498 932 -1.000000 720.000000 -0.001391 0.980596 0 2 10666.946581
2 157878 224650896 127190 32595894 245881 281801 1990 828 3951 807 2131 916 -1.000000 720.000000 -0.001391 0.981559 0 2 19077.642353
2 424436 736628833 269855 15699221 673764 692342 1269 659 4256 667 1551 887 -1.000000 720.000000 -0.001391 0.995365 0 2 12680.147244
2 142487 263505291 78741 4537884 210854 220102 736 368 4450 350 619 742 -1.000000 720.000000 -0.001391 0.991583 0 3 10698.947317
2 56477 77139779 35677 3114988 81763 90872 913 446 2678 415 1427 472 -1.000000 720.000000 -0.001391 0.976181 0 2 14319.616457
2 237618 392565514 141218 9079256 356913 377203 1430 671 2072 757 2522 382 0.000000 720.000000 0.000000 0.991915 0 2 14039.994818
2 147495 244315657 70805 4345027 207219 217082 999 476 1561 400 1177 323 -1.000000 720.000000 -0.001391 0.989844 0 2 13968.558734
2 59736 86449246 35716 2848216 85964 94055 1085 504 1050 430 1444 360 0.000000 720.000000 0.000000 0.973997 0 2 17240.925273
2 108495 158715453 75332 17045703 163376 182650 1103 521 1094 382 1404 345 -1.000000 720.000000 -0.001391 0.987597 0 3 16854.230181
2 50958 70483556 39799 3682223 78061 89662 1064 506 1017 486 1270 291 -1.000000 720.000000 -0.001391 0.976211 0 2 16548.794106
2 136544 197694163 114444 7249869 218014 249743 1215 544 1253 630 1409 361 -1.000000 720.000000 -0.001391 0.990199 0 2 16011.827431
2 136129 206429432 108082 9823590 214559 242654 1486 711 2423 1881 2553 491 -1.000000 720.000000 -0.001391 0.987539 0 3 13751.354591
2 57604 73298189 44668 4332633 87023 100829 1162 530 1441 820 1954 379 -1.000000 720.000000 -0.001391 0.974529 0 2 15290.210376
2 37009 36583103 30816 4832632 48263 65123 1743 769 1442 934 2624 372 -1.000000 720.000000 -0.001391 0.934464 0 2 17392.571592
2 40482 45425372 36058 5212468 51713 74731 1181 547 1186 994 2337 300 -1.000000 720.000000 -0.001391 0.960935 0 2 18872.895725
2 42038 51354048 33298 3883215 59995 73757 1414 664 1309 714 2261 355 -1.000000 720.000000 -0.001391 0.960271 0 2 18154.254896
2 224156 339865018 119274 6443634 336331 342036 845 372 509 257 1099 232 -1.000000 720.000000 -0.001391 0.993481 0 2 21163.656499
2 279670 435252006 145391 7961741 416071 422619 973 444 592 284 1038 214 -1.000000 720.000000 -0.001391 0.991966 0 2 18250.192583
2 243488 379290861 129538 7586911 363056 371651 944 416 561 393 937 196 -1.000000 720.000000 -0.001391 0.993783 0 2 19035.426781
2 387072 593806132 250104 15731461 592360 629140 7611 613 1305 621 1785 368 -1.000000 677.000000 -0.001479 0.975443 0 2 20545.326015
2 363104 510566410 263807 28622545 561181 577161 49672 720 1718 1313 2883 470 -1.000000 720.000000 -0.001391 0.841410 0 2 17138.225929
2 341696 601541887 281314 15951333 446206 449498 172947 401 589 221 1161 304 0.000000 720.000000 0.000000 0.443895 0 2 21903.046100
2 145781 208157103 137701 9118858 82363 86608 196124 382 747 331 1345 352 15.000000 584.000000 0.023659 0.386324 0 2 18649.359778
2 84353 131296700 67359 4681693 137611 143819 7512 411 593 255 917 325 28.000000 350.000000 0.038943 0.898459 0 2 18120.516099
2 199277 358975514 182461 9986426 371177 374697 6455 383 494 191 892 332 10.000000 678.000000 0.014771 0.964646 0 2 18845.715043
2 187984 319853763 154727 9162298 327718 335824 6564 501 746 900 1150 414 26.000000 452.000000 0.036161 0.960751 0 2 20453.150865
2 35867 43713169 27345 2901879 48604 60077 2268 587 1045 392 1294 387 41.000000 428.000000 0.057024 0.914526 0 2 18525.802323
2 212204 352671493 191997 9869701 398584 402838 828 326 499 203 628 170 2.000000 412.000000 0.004808 0.994579 0 2 17836.606847
2 126879 207785435 110601 5714904 233946 236676 671 263 398 110 474 156 3.000000 404.000000 0.007444 0.993789 0 2 18374.135652
2 41437 57376659 34965 3044137 59050 74429 1563 608 873 346 1320 251 40.000000 244.000000 0.055633 0.953718 0 2 17930.208368
1 36 4513 64 5903 3 13 87 24 4 0 2 7 624.000000 10.000000 0.938346 0.740000 0 1 0.866025
1 1667 2502219 1530 214138 1944 3005 192 40 91 2 13 13 567.000000 20.000000 0.788595 0.879887 0 1 20.028587
1 3569 4659994 2732 213492 1063 5982 313 44 123 27 120 21 309.000000 112.000000 0.429764 0.899698 0 1 27.470109
1 1432 709675 2555 332132 389 1625 716 22 64 3 63 21 196.000000 157.000000 0.272601 0.227991 0 1 47.685779
1 1927 1267450 2105 293469 2051 3849 182 29 323 65 232 46 284.000000 60.000000 0.396648 0.909474 0 1 47.849703
1 548 105238 1184 186781 104 241 363 2 10 4 37 13 374.000000 142.000000 0.526020 0.070439 0 1 3.572114
1 514 90880 1140 202361 0 38 155 0 0 0 0 6 402.000000 33.000000 0.559110 0.070738 0 0 0.000000
1 1041 159391 2406 358668 0 39 324 0 0 0 0 4 62.000000 257.000000 0.086231 0.082681 0 0 0.000000
1 1248 323259 1705 308605 0 43 38 0 0 0 0 4 64.000000 183.000000 0.089013 0.001693 0 0 0.000000
1 1013 276967 2059 326596 0 36 345 0 0 0 0 6 119.000000 361.000000 0.165738 0.100586 0 0 0.000000
1 1041 905541 1223 166078 814 1781 395 15 47 7 63 23 445.000000 95.000000 0.625879 0.612191 0 1 14.891246
1 384 68759 415 99652 382 698 101 3 51 15 55 15 504.000000 9.000000 0.711864 0.747184 0 1 14.920654
1 362 78189 388 86433 322 643 107 5 33 6 45 16 517.000000 13.000000 0.730226 0.714667 0 1 11.004465
1 425 146388 440 113916 418 765 100 2 29 5 48 13 529.000000 9.000000 0.739860 0.768786 0 1 12.301117
1 347 58657 398 87709 296 600 144 3 21 1 49 15 528.000000 6.000000 0.739496 0.612081 0 1 9.954545
1 362 70160 419 105202 377 682 99 2 29 3 57 11 488.000000 14.000000 0.689266 0.746479 0 1 11.481568
1 380 77787 459 115872 389 779 58 3 59 4 57 14 487.000000 14.000000 0.687853 0.859356 0 1 15.587932
1 327 56428 356 94028 347 643 40 3 26 2 57 10 520.000000 14.000000 0.734463 0.882870 0 1 10.104557
1 1442 880672 1237 239131 1003 2586 93 20 74 5 82 21 483.000000 48.000000 0.672702 0.930571 0 1 32.106063
1 393 61575 757 120999 414 1070 80 4 50 34 82 22 385.000000 21.000000 0.543018 0.860870 0 1 14.070337
1 360 63273 410 107736 437 727 43 3 35 5 71 8 500.000000 8.000000 0.706215 0.888312 0 1 13.265145
1 338 66697 373 92421 356 671 40 1 28 3 47 8 533.000000 9.000000 0.742340 0.887482 0 1 12.038628
1 453 108841 495 121641 446 901 47 3 37 8 83 10 502.000000 13.000000 0.698192 0.900844 0 1 16.581560
1 455 198237 443 93737 435 847 51 7 31 10 49 13 522.000000 8.000000 0.736248 0.886414 0 1 12.830602
1 553 200584 603 125130 516 1108 48 5 33 10 72 16 488.000000 14.000000 0.682517 0.916955 0 1 12.403530
1 3325 1189267 3160 382396 443 6417 68 6 52 12 81 14 17.000000 486.000000 0.023644 0.979029 0 1 26.448307
1 3734 1113687 3199 345413 690 6824 109 12 64 11 91 20 -1.000000 720.000000 -0.001391 0.968556 0 1 29.789299
1 3083 554170 2947 272111 373 5907 123 12 71 29 94 20 4.000000 443.000000 0.005563 0.959204 0 1 19.142301
1 8366 4708075 7317 895433 5222 15487 196 69 179 140 338 69 -1.000000 720.000000 -0.001391 0.975005 0 1 216.313404
1 5280 1388046 4656 468271 571 9807 128 12 79 34 79 24 2.000000 605.000000 0.002782 0.974134 0 1 22.940034
1 11855 13829885 7440 491238 14137 19218 77 5 45 7 60 15 -1.000000 720.000000 -0.001391 0.992019 0 1 16.078910
1 3513 446303 3218 276943 393 6687 44 3 33 7 68 11 4.000000 720.000000 0.005563 0.986926 0 1 14.077902
1 3338 392252 3060 252961 448 6356 42 4 32 4 68 14 -1.000000 720.000000 -0.001391 0.986871 0 1 11.540308
1 2625 289240 2398 186229 377 4981 42 2 32 4 59 11 1.000000 720.000000 0.001391 0.983277 0 1 13.757810
1 2766 348486 2575 212488 551 5237 104 8 44 5 86 17 -1.000000 720.000000 -0.001391 0.961056 0 1 15.589849
1 2601 285462 2384 180334 360 4946 39 1 31 0 58 10 0.000000 720.000000 0.000000 0.984353 0 1 11.134033
1 3378 910169 2944 262830 462 6272 48 7 28 14 63 18 1.000000 720.000000 0.001391 0.984499 0 1 12.868447
1 4477 788768 4351 332149 376 8812 16 3 28 3 51 9 -1.000000 720.000000 -0.001391 0.996375 0 1 7.203581
1 2681 640248 2526 221375 538 5187 20 3 35 6 71 10 1.000000 720.000000 0.001391 0.992318 0 1 9.826495
1 1562 211869 1635 156401 417 2745 45 7 27 4 57 11 25.000000 720.000000 0.034771 0.844542 0 1 7.788881
1 1129 168590 1129 115222 367 2162 17 2 23 10 42 9 2.000000 720.000000 0.002782 0.949956 0 1 6.272332
1 1035 162342 1047 115612 334 2041 41 1 19 4 37 9 6.000000 720.000000 0.008345 0.960615 0 1 5.838548
1 1288 192596 1295 134076 341 2569 14 2 19 5 38 8 4.000000 720.000000 0.005563 0.989160 0 1 5.477225
1 1204 199365 1274 203403 396 2442 36 7 56 10 61 13 194.000000 447.000000 0.270195 0.970944 0 1 458.975254
1 393 141392 410 85168 423 754 49 6 23 2 46 13 529.000000 11.000000 0.736769 0.877958 0 1 6.442416
1 388 81819 396 95887 427 761 23 2 27 1 54 12 548.000000 11.000000 0.763231 0.941327 0 1 7.788881
1 331 55487 349 86800 399 661 19 3 27 3 49 11 536.000000 7.000000 0.745480 0.944118 0 1 7.223077
1 311 55181 312 90338 359 609 14 3 17 2 38 9 553.000000 13.000000 0.769124 0.955056 0 1 4.898979
1 788 385066 786 154184 1105 1527 47 9 76 17 155 23 506.000000 13.000000 0.703755 0.940280 0 1 21.891459
1 357 71693 402 109381 454 734 25 11 50 2 48 12 528.000000 21.000000 0.738462 0.934124 0 1 8.423515
1 833 323272 1287 214256 516 1861 159 16 415 13 97 45 354.000000 59.000000 0.493036 0.802830 0 1 44.627267
1 570 86574 583 181200 492 1032 18 2 25 8 51 14 484.000000 70.000000 0.675978 0.879445 0 1 7.033178
1 370 76679 390 104754 454 733 27 4 25 4 51 10 528.000000 8.000000 0.738462 0.928947 0 1 7.211102
1 419 120041 425 107053 537 816 28 7 28 6 58 14 518.000000 14.000000 0.724476 0.933649 0 1 7.299968
1 11671 9645285 11220 1659721 12689 21848 1031 283 879 647 1463 171 269.000000 50.000000 0.374131 0.909397 0 1 263.947000
1 2678 4768614 2224 148863 4498 4715 177 25 33 37 86 39 504.000000 13.000000 0.707865 0.925745 0 1 10.656503
1 2271 1368162 2338 334930 1868 3928 671 56 216 93 194 62 455.000000 69.000000 0.632823 0.706661 0 1 60.782898
1 808 249316 848 105269 622 1501 155 3 23 59 159 30 401.000000 45.000000 0.564789 0.812802 0 1 9.618626
1 5484 4475744 5101 765069 5567 10080 489 149 332 235 603 90 341.000000 68.000000 0.474270 0.906094 0 1 105.603403
1 12210 13589013 8443 865351 14456 19731 910 126 385 231 458 127 240.000000 82.000000 0.333797 0.911296 0 1 131.361153
1 36098 46768370 24421 3024069 35014 59863 646 100 1138 111 300 104 27.000000 655.000000 0.037552 0.978486 0 1 164.618886
1 8016 9221206 5955 724254 6961 13078 883 56 303 90 264 89 267.000000 51.000000 0.372385 0.872880 0 1 99.722452
1 1843 1160256 1968 267494 1627 3530 281 32 467 34 145 44 288.000000 67.000000 0.400556 0.852532 0 1 77.057148
1 3662 3104962 3689 457512 4121 6903 438 83 315 58 284 83 303.000000 40.000000 0.421419 0.879472 0 1 79.846650
1 959 200973 960 117041 887 1691 217 25 27 124 73 49 457.000000 17.000000 0.638268 0.768108 0 1 12.266586
1 1175 438567 1196 157505 919 2085 276 38 158 24 111 47 427.000000 22.000000 0.593880 0.762969 0 1 37.779872
1 643 124310 563 70772 624 1068 128 1 8 19 35 19 533.000000 12.000000 0.741307 0.779436 0 1 2.976478
1 551 114665 494 65339 494 911 134 4 8 5 31 15 536.000000 10.000000 0.752809 0.743541 0 1 4.090773
1 1127 714892 1002 106026 1473 1956 163 10 32 18 81 30 512.000000 12.000000 0.715084 0.842179 0 1 11.447187
1 586 121839 600 67800 566 947 229 35 23 20 64 33 528.000000 12.000000 0.735376 0.605396 0 1 9.030928
1 320 50410 312 36894 216 496 126 0 5 3 18 12 553.000000 7.000000 0.771269 0.585443 0 1 3.611111
1 274 46373 330 38610 253 446 147 2 13 9 46 21 542.000000 13.000000 0.758042 0.495033 0 1 3.765306
1 239 53889 330 73784 132 414 145 2 13 6 48 16 543.000000 14.000000 0.762640 0.472759 0 1 7.619658
1 302 83282 365 44804 346 521 146 9 24 22 61 24 533.000000 15.000000 0.742340 0.562219 0 1 7.851818
1 397 152000 489 65331 468 660 216 33 33 14 80 25 539.000000 14.000000 0.751743 0.501129 0 1 10.107957
1 176 30319 233 29782 80 252 147 1 6 4 18 14 562.000000 10.000000 0.791549 0.256724 0 1 4.546070
1 191 41269 278 35808 193 313 146 1 13 13 42 21 548.000000 16.000000 0.777305 0.356077 0 1 3.526739
1 8219 11073676 6185 646079 12140 14041 353 111 215 169 508 47 464.000000 23.000000 0.649860 0.950292 0 1 74.545500
1 5901 5626033 5280 980451 5704 10791 390 84 516 112 329 98 184.000000 147.000000 0.256267 0.930239 0 1 84.108339
1 2356 962397 2825 1030473 2070 4503 668 58 278 83 194 72 241.000000 133.000000 0.335188 0.740205 0 1 57.151045
1 5154 3232354 5906 1327328 3906 10120 930 192 739 305 541 164 162.000000 153.000000 0.225313 0.830922 0 1 143.418577
1 3161 2658846 3259 455064 2032 5791 618 66 280 93 223 74 287.000000 87.000000 0.399166 0.805763 0 1 91.282685
1 6412 5807888 7426 826330 4750 10195 3573 145 1143 424 611 304 82.000000 199.000000 0.114047 0.478537 0 1 177.662879
1 4584 3027549 4976 691614 3843 8381 1130 124 1086 453 460 395 53.000000 277.000000 0.073713 0.758473 0 1 172.915736
1 3098 2931909 3132 252383 3612 5378 830 64 945 448 108 333 112.000000 101.000000 0.155772 0.730016 0 1 115.286065
1 1120 161084 2049 188789 821 2141 992 53 900 273 98 316 78.000000 277.000000 0.108787 0.362575 0 1 100.064178
1 2364 3495635 2295 168454 3651 4251 393 32 290 80 93 132 380.000000 56.000000 0.528512 0.828075 0 1 34.939548
1 609 102921 654 75747 783 1077 171 16 58 53 74 40 543.000000 7.000000 0.756267 0.717340 0 1 19.705056
1 3794 2951683 3544 580137 3543 6952 386 90 308 95 185 76 327.000000 70.000000 0.455432 0.894794 0 1 68.627936
1 5808 4431831 5777 835767 4043 10373 1202 100 413 296 463 128 198.000000 109.000000 0.275382 0.791627 0 1 113.817251
1 2058 1695365 2170 398719 2514 3983 235 49 61 89 143 46 304.000000 39.000000 0.422809 0.886471 0 1 18.697740
1 5448 4424925 5477 717966 4954 9094 1768 88 814 346 378 285 98.000000 256.000000 0.136300 0.670572 0 1 122.778868
1 8571 5336282 8806 1351996 7127 15868 1450 113 1463 660 735 384 25.000000 500.000000 0.034771 0.829717 0 1 264.869665
1 10697 7164288 10164 2041418 11109 19725 1131 268 1147 777 1244 295 126.000000 337.000000 0.175243 0.891328 0 1 291.312420
1 5339 3939828 4968 887513 5188 9625 672 155 307 283 493 86 347.000000 42.000000 0.482615 0.868633 0 1 87.943428
1 956 481584 1140 171666 856 1896 190 26 58 96 133 39 503.000000 16.000000 0.699583 0.813931 0 1 19.870658
1 780 436449 1182 122395 299 1730 217 28 44 111 124 38 454.000000 16.000000 0.634078 0.771152 0 1 35.916426
1 1161 1527476 1166 95932 1643 1967 315 35 112 28 104 65 520.000000 57.000000 0.723227 0.709927 0 1 23.180470
1 723 118747 1578 124293 362 1488 757 28 770 234 110 323 106.000000 121.000000 0.147427 0.317688 0 1 85.336694
1 307 55789 562 52121 179 522 321 7 185 72 36 100 455.000000 72.000000 0.637255 0.231300 0 1 19.380852
1 136 33841 209 27117 88 201 134 0 5 5 16 13 594.000000 8.000000 0.826147 0.194203 0 1 3.611116
1 209 59898 344 45226 217 316 227 13 15 11 46 25 548.000000 14.000000 0.768583 0.160940 0 1 4.493948
1 277 199705 333 40304 231 438 157 3 11 12 21 19 572.000000 8.000000 0.797768 0.460656 0 1 5.890182
1 3249 2872306 3286 453933 2018 5795 740 61 359 66 209 79 370.000000 63.000000 0.514604 0.773527 0 1 93.822991
1 1429 760595 1875 282846 2040 2949 345 70 255 131 317 88 374.000000 44.000000 0.523077 0.788136 0 1 42.676150
1 1588 925709 1593 275058 861 2542 628 37 114 56 102 51 434.000000 30.000000 0.609551 0.601698 0 1 43.363975
1 8211 7792334 7868 1279280 6810 14881 1187 114 752 305 478 114 214.000000 99.000000 0.297636 0.851670 0 1 144.216280
1 1647 1105424 2594 436015 1010 3666 564 29 982 99 252 85 199.000000 67.000000 0.277545 0.731431 0 1 8069.964317
1 3293 1675106 3513 671657 2932 5540 1135 99 263 165 269 94 321.000000 40.000000 0.448324 0.647223 0 1 92.011916
1 5042 2709412 5520 970523 2949 9319 1155 95 311 283 352 87 185.000000 58.000000 0.257302 0.772960 0 1 187.065884
1 8585 6982783 5764 914014 1795 13335 927 70 299 241 165 68 216.000000 91.000000 0.300417 0.864729 0 1 123.792169
1 25751 31426052 23621 2407915 41637 48235 1040 143 513 427 651 93 101.000000 258.000000 0.140473 0.955906 0 1 166.114762
1 39668 45846391 34355 3548059 65824 71103 2788 271 1327 612 1766 213 43.000000 410.000000 0.059805 0.922889 0 1 326.331092
1 5395 2827213 6282 1227474 4984 10128 1431 113 587 560 641 106 146.000000 136.000000 0.203343 0.744797 0 1 166.000574
1 12348 8656748 11637 2358647 11483 21697 2122 239 1031 734 1082 182 151.000000 127.000000 0.210014 0.816135 0 1 281.723511
1 6024 4652926 6553 1235153 6366 11106 1344 101 461 410 628 121 168.000000 68.000000 0.233658 0.776179 0 1 121.301184
1 6290 1925563 7805 1352749 3168 7525 4202 816 558 333 526 469 207.000000 77.000000 0.288301 0.235757 0 1 139.963138
1 3777 2166395 3458 656641 1575 6610 575 26 253 171 149 54 363.000000 163.000000 0.511268 0.834140 0 1 92.676692
1 11218 11351543 8826 1252962 14448 18243 1705 110 460 329 538 85 204.000000 49.000000 0.283727 0.825085 0 1 129.922011
1 7746 6187001 7433 1288761 5758 13702 1336 91 441 467 354 109 162.000000 104.000000 0.225313 0.814678 0 1 139.719415
1 2680 1339971 3478 662932 1679 5007 1014 43 474 291 213 100 255.000000 58.000000 0.354659 0.648425 0 1 94.599951
1 1719 876295 2478 394800 935 3339 730 24 386 231 63 64 294.000000 30.000000 0.408901 0.621634 0 1 79.312838
1 1109 201711 2005 346044 158 2490 568 12 365 201 31 41 334.000000 21.000000 0.464534 0.617213 0 1 73.770211
1 1165 210484 2178 368850 228 2649 627 15 495 204 48 38 301.000000 22.000000 0.418637 0.604846 0 1 85.607188
1 2076 1406803 2884 464341 1713 4138 737 29 459 218 96 63 263.000000 52.000000 0.365786 0.685685 0 1 87.916907
1 1592 323290 2590 477833 771 3354 735 32 421 238 104 67 262.000000 40.000000 0.364395 0.626255 0 1 84.175949
1 7661 5564818 7520 1294115 7464 13867 1170 116 990 666 759 101 132.000000 92.000000 0.183588 0.836374 0 1 204.543589
1 2841 1099809 4413 694848 2180 6114 1039 102 930 296 375 98 189.000000 150.000000 0.264706 0.699614 0 1 164.972081
1 39192 37839116 40716 5606088 14759 22137 57765 442 1573 287 1117 450 -1.000000 720.000000 -0.001391 0.445863 0 1 238.616827
1 4864 634067 7741 3062806 1413 2824 9776 71 899 69 257 337 -1.000000 720.000000 -0.001391 0.551527 0 1 99.629497
1 5866 1988230 9248 2407691 4189 8606 6508 150 1120 182 786 387 1.000000 720.000000 0.001391 0.138812 0 1 159.782631
1 7405 1530870 9711 5086234 2338 4289 12805 118 605 59 267 354 18.000000 533.000000 0.025035 0.497546 0 1 81.725707
1 7988 2608862 11072 4349460 5334 8522 10533 244 647 242 906 351 3.000000 720.000000 0.004172 0.105509 0 1 104.849575
1 5485 518885 8317 3914616 620 1348 12436 28 457 40 98 309 -1.000000 720.000000 -0.001391 0.803362 0 1 52.296778
1 2011 214578 4526 939072 594 1167 5365 61 412 40 125 317 4.000000 720.000000 0.005563 0.642191 0 1 47.094472
1 4516 348947 7252 3599180 432 1019 10749 22 430 25 103 298 -1.000000 720.000000 -0.001391 0.826818 0 1 49.764756
1 1827 175756 4523 980056 584 1258 5083 37 410 35 153 301 0.000000 720.000000 0.000000 0.602362 0 1 47.484051
1 6000 5290756 7845 2684894 5455 6868 6971 56 452 64 244 303 9.000000 720.000000 0.012517 0.007440 0 1 58.883251
1 4944 2574635 7085 1584501 3348 6389 5635 118 510 119 400 326 3.000000 720.000000 0.004172 0.062682 0 1 83.521471
1 1913 578014 4499 679828 1193 1846 4557 50 463 50 161 323 6.000000 720.000000 0.008345 0.422801 0 1 52.846036
1 5011 357130 7409 4277173 338 841 11578 18 361 26 73 286 1.000000 720.000000 0.001391 0.864493 0 1 40.550863
1 5470 443573 7976 4635769 561 1205 12234 23 362 38 141 302 2.000000 720.000000 0.002782 0.820244 0 1 41.740822
1 1336 132861 3746 639459 441 989 4088 26 367 35 105 289 9.000000 720.000000 0.012517 0.609799 0 1 43.956333
1 1899 173098 4671 1006332 451 995 5570 20 342 19 105 306 0.000000 720.000000 0.000000 0.696347 0 1 41.061981
1 2263 377304 5108 1015999 1034 1838 5527 73 529 63 271 321 3.000000 720.000000 0.004172 0.500475 0 1 62.556124
1 3201 263715 5917 2098912 406 1070 8048 21 495 26 103 284 2.000000 720.000000 0.002782 0.765299 0 1 54.019434
1 4895 350268 7365 4256992 506 1024 11230 32 393 25 110 294 7.000000 720.000000 0.009736 0.832463 0 1 6466.206174
1 2185 196381 4619 768099 474 1155 5644 41 421 39 128 301 -1.000000 720.000000 -0.001391 0.659759 0 1 50.129329
1 5525 406161 7883 3789085 456 1075 12327 25 343 28 113 297 0.000000 720.000000 0.000000 0.839200 0 1 40.710817
1 6043 445224 8761 4319205 594 1238 13560 29 458 53 140 320 0.000000 720.000000 0.000000 0.832343 0 1 55.967298
1 1875 167207 4469 850491 391 949 5395 34 367 27 99 304 7.000000 720.000000 0.009736 0.700820 0 1 41.061332
1 1122 107907 3862 566705 494 1168 3810 26 481 39 126 292 7.000000 720.000000 0.009736 0.530096 0 1 53.563998
1 3037 265665 5392 2669908 408 870 7536 36 312 27 88 286 8.000000 720.000000 0.011127 0.790841 0 1 34.061421
1 3338 436745 6072 2094082 856 1530 7875 37 364 59 148 326 3.000000 720.000000 0.004172 0.674283 0 1 47.442718
1 3468 486239 6034 2481581 981 1498 7977 62 357 48 191 324 3.000000 720.000000 0.004172 0.681856 0 1 44.040718
1 2591 213472 5072 2180289 387 944 6719 28 324 33 105 290 14.000000 720.000000 0.019471 0.753621 0 1 39.124743
1 15214 8868467 17365 6077169 12136 21324 11249 159 1514 352 1173 368 2.000000 720.000000 0.002782 0.309248 0 1 230.995735
1 6714 3661666 9683 2780518 6494 9263 7127 150 939 241 929 390 7.000000 720.000000 0.009736 0.130268 0 1 148.746499
1 3683 348673 6272 3246456 579 1283 8666 28 437 37 136 294 5.000000 720.000000 0.006954 0.741637 0 1 50.227185
1 4949 414313 7947 3901256 658 1393 11462 93 460 63 169 325 1.000000 720.000000 0.001391 0.780785 0 1 74.168648
1 11628 5812343 13117 3958999 8686 16531 8214 162 1349 330 988 351 0.000000 720.000000 0.000000 0.336108 0 1 212.079207
1 3844 479935 6944 2715603 1145 3157 7626 106 1059 118 372 336 4.000000 720.000000 0.005563 0.414257 0 1 118.012652
1 8003 2887674 10587 3520264 5257 9718 8867 235 983 234 836 370 1.000000 720.000000 0.001391 0.045777 0 1 155.118279
1 2994 559534 6251 1496630 1378 3232 6008 103 934 74 267 328 0.000000 720.000000 0.000000 0.300270 0 1 112.591700
1 2786 296874 5264 1482710 797 1586 6459 47 549 70 185 312 1.000000 720.000000 0.001391 0.605342 0 1 63.745171
1 6749 3563461 8299 2919321 4457 7576 7472 271 620 104 417 321 3.000000 720.000000 0.004172 0.006911 0 1 100.956970
1 8022 838570 11075 6503521 882 2336 16756 117 819 89 279 350 0.000000 720.000000 0.000000 0.755092 0 1 105.493797
1 6674 1078938 9555 5008330 1243 2039 14185 89 598 68 139 304 -1.000000 720.000000 -0.001391 0.748413 0 1 69.234516
1 5428 648201 8461 4202670 1029 2499 11385 46 694 74 186 311 4.000000 720.000000 0.005563 0.639787 0 1 78.359447
1 3124 576539 6011 1625476 1050 1877 7252 32 764 57 133 307 -1.000000 720.000000 -0.001391 0.588396 0 1 83.289782
1 11937 952535 14727 11644597 627 1412 25252 23 649 34 97 307 1.000000 720.000000 0.001391 0.894089 0 1 69.484960
1 11981 801107 14734 11631740 654 1324 25386 52 613 30 131 314 -1.000000 720.000000 -0.001391 0.900693 0 1 67.034344
1 3412 270538 6326 1872369 435 1090 8637 25 568 37 96 322 0.000000 720.000000 0.000000 0.775005 0 1 59.944179
1 7553 619368 10363 5849193 545 1207 16695 16 603 23 80 314 -1.000000 720.000000 -0.001391 0.864479 0 1 63.622271
1 2646 230561 5624 1209411 622 1275 6981 38 570 44 140 319 -1.000000 720.000000 -0.001391 0.689964 0 1 63.689483
1 6165 435580 9197 3586488 345 914 14447 16 540 14 78 317 -1.000000 720.000000 -0.001391 0.880940 0 1 56.132577
1 4228 319653 6979 1961086 452 1151 10051 27 616 31 110 315 -1.000000 720.000000 -0.001391 0.794147 0 1 67.635273
1 5663 410230 8133 3632701 372 997 12794 18 550 21 93 316 0.000000 720.000000 0.000000 0.855103 0 1 59.520860
1 10649 778512 13308 8716578 746 1402 22549 22 584 24 145 309 1.000000 720.000000 0.001391 0.882707 0 1 67.797483
1 5849 436061 8428 3781593 532 1167 13105 24 569 36 121 314 0.000000 720.000000 0.000000 0.836170 0 1 62.411971
1 54309 81807280 38237 4292255 82665 84607 7939 61 728 132 501 348 1.000000 666.000000 0.001504 0.828431 0 1 107.793757
1 253849 379377765 161026 12768042 403487 404233 10642 30 2436 1700 5339 338 -1.000000 562.000000 -0.001783 0.948698 0 1 627.467216
1 7940 7764130 7124 1686179 10010 14186 868 305 560 472 690 162 326.000000 100.000000 0.453407 0.884095 0 1 1867.041329
1 4126 2696085 4124 685175 3394 7382 848 457 115 172 119 31 70.000000 150.000000 0.097357 0.792000 0 1 58.140306
1 1345 322273 1709 130690 469 2439 615 400 12 14 14 19 226.000000 513.000000 0.321937 0.597250 0 1 19285.134127
1 5001 3001005 6569 1234774 4732 9947 1591 968 404 377 509 102 208.000000 520.000000 0.289291 0.722213 0 1 2740.470082
1 1727 526648 1877 256581 577 3485 119 63 47 57 107 33 102.000000 175.000000 0.141864 0.933962 0 1 13.257214
1 9108 8920884 7574 1516555 11549 16170 512 272 305 253 287 94 234.000000 346.000000 0.325452 0.938616 0 1 84.370140
1 1537 750261 1958 1149462 1544 3346 149 38 94 138 168 44 483.000000 50.000000 0.684136 0.914735 0 1 4652.429091
1 617 256955 803 154058 1004 1278 142 88 86 78 101 29 530.000000 19.000000 0.742297 0.800000 0 1 4871.097530
1 1314 1235827 1111 123317 1237 2307 112 53 51 45 60 38 493.000000 149.000000 0.705293 0.905155 0 1 6308.180461
1 431 325674 435 83239 576 741 111 20 34 32 53 32 480.000000 19.000000 0.892193 0.727483 0 1 12922.306317
1 14 825 0 0 13 14 0 0 0 0 0 0 529.000000 0.000000 1.000000 1.000000 0 0 0.000000
1 3692 1424366 3774 1097872 4007 6868 586 403 89 103 85 21 144.000000 77.000000 0.200278 0.841414 0 1 9260.684199
1 2890 973174 3137 880919 3157 5324 703 538 61 63 100 16 169.000000 109.000000 0.235049 0.766716 0 1 63.516917
1 2301 1053634 2357 602289 2673 4236 422 320 44 48 57 19 245.000000 56.000000 0.341226 0.818806 0 1 72.534613
1 499 50837 536 48893 545 1003 31 10 3 3 3 11 458.000000 16.000000 0.637883 0.939130 0 1 7.318187
1 328 102017 786 132503 351 580 500 184 51 37 72 46 547.000000 59.000000 0.805596 0.071813 0 1 17101.896777
1 85 12209 68 32364 10 102 23 0 3 4 32 5 565.000000 8.000000 0.923203 0.516340 0 1 0.471406
1 132 38708 103 54099 16 209 16 0 30 2 14 8 655.000000 5.000000 0.956204 0.821277 0 1 25461.705169
1 30 4292 32 19828 0 44 18 0 3 1 10 5 572.000000 3.000000 0.979452 0.419355 0 1 0.001304
1 82 20717 60 49474 0 126 16 0 7 4 14 5 646.000000 4.000000 0.969970 0.774648 0 1 0.494872
1 31 7359 23 14254 0 40 14 0 2 0 4 3 602.000000 2.000000 0.985270 0.481481 0 1 0.001955
1 207 238279 92 43924 0 278 16 0 22 1 10 7 698.000000 3.000000 0.970793 0.876254 0 1 19861.258071
1 185 233702 63 19913 0 229 14 0 14 1 8 7 654.000000 4.000000 0.976119 0.866935 0 1 17658.534742
1 37 9199 32 26027 0 56 13 0 3 0 6 3 683.000000 3.000000 0.984150 0.623188 0 1 0.471406
1 62 9750 52 21226 0 98 15 2 3 23 6 6 563.000000 7.000000 0.967354 0.728070 0 1 0.471406
1 50 10190 42 26690 0 56 31 10 3 0 6 6 594.000000 2.000000 0.972177 0.271739 0 1 0.471406
1 47 13432 35 27980 0 72 10 0 3 0 6 5 626.000000 1.000000 0.984277 0.756098 0 1 0.001303
1 40 9941 36 31905 0 66 10 0 4 0 8 3 591.000000 2.000000 0.985000 0.736842 0 1 0.433014
1 22 6644 15 13514 0 33 4 0 1 0 2 2 596.000000 1.000000 0.993333 0.783784 0 1 0.003910
1 26 6834 18 13654 0 40 4 0 2 0 4 2 595.000000 2.000000 0.991667 0.818182 0 1 0.001955
1 27 7688 20 18214 0 44 3 0 2 0 4 2 392.000000 3.000000 0.987406 0.872340 0 1 0.500004
1 73 22035 51 43389 0 118 6 0 5 0 10 3 591.000000 2.000000 0.985000 0.903226 0 1 0.489899
1 47 13312 31 26926 0 74 4 0 3 0 6 3 594.000000 1.000000 0.990000 0.897436 0 1 0.001303
1 62 12155 175 36220 20 87 124 108 35 1 6 16 571.000000 22.000000 0.950083 0.156118 0 2 12805.087602
1 130 31396 106 79907 39 218 16 0 9 12 16 4 667.000000 5.000000 0.943423 0.855932 0 1 1805.636390
1 43 10400 46 36690 0 71 18 0 4 1 10 5 549.000000 3.000000 0.966549 0.595506 0 1 0.433014
1 92 16525 288 53201 78 172 161 125 109 1 8 24 629.000000 42.000000 0.915575 0.028947 0 2 8613.942328
1 41 9566 34 26273 0 57 18 0 3 1 6 3 679.000000 2.000000 0.982634 0.520000 0 1 0.471406
1 32 5055 27 16859 13 46 13 0 4 0 8 3 628.000000 5.000000 0.982786 0.559322 0 1 1658.871454
1 51 13616 38 28120 0 79 10 0 4 0 8 5 625.000000 2.000000 0.984252 0.775281 0 1 0.000977
1 14 2410 24 18572 0 22 16 0 2 0 4 2 659.000000 5.000000 0.982116 0.157895 0 1 0.001955
1 44 13108 30 26805 0 72 2 0 3 0 6 3 590.000000 2.000000 0.989933 0.945946 0 1 0.001303
1 20 3022 18 12776 0 22 16 0 2 1 3 2 613.000000 3.000000 0.982372 0.157895 0 1 0.001955
1 64 40388 42 20939 0 92 14 0 9 1 7 4 630.000000 4.000000 0.973725 0.735849 0 1 29228.173464
1 50 44351 30 15156 0 69 11 0 2 0 4 4 622.000000 2.000000 0.984177 0.725000 0 1 2594.999351
1 124 55921 208 56833 15 195 119 95 39 9 10 25 589.000000 13.000000 0.954619 0.228916 0 2 15012.311010
1 50 10046 128 23127 32 98 55 39 67 0 2 25 573.000000 20.000000 0.955000 0.241573 0 2 5569.770692
1 70 8002 246 31049 51 140 126 99 118 1 4 32 607.000000 22.000000 0.925305 0.044304 0 2 5938.879317
1 90 24786 70 54660 0 146 14 0 5 9 10 5 667.000000 7.000000 0.976574 0.825000 0 1 0.489899
1 48 4732 255 21964 55 133 124 105 133 0 0 41 624.000000 42.000000 0.932735 0.029703 0 1 27.823706
1 45 9625 46 39926 0 81 10 0 5 3 10 4 563.000000 3.000000 0.977431 0.780220 0 1 0.489899
1 2 212 4 1054 0 0 6 0 0 0 0 3 597.000000 1.000000 0.995000 1.000000 0 0 0.000000
1 24 6152 21 18925 0 43 2 0 2 0 4 3 641.000000 2.000000 0.990726 0.911111 0 1 0.001955
1 2 212 2 242 0 0 4 0 0 0 0 1 598.000000 1.000000 0.996667 1.000000 0 0 0.000000
1 14 3261 12 9644 0 22 4 0 1 0 2 2 596.000000 1.000000 0.993333 0.692308 0 1 0.003910
1 2 212 4 1054 0 0 6 0 0 0 0 3 604.000000 1.000000 0.995058 1.000000 0 0 0.000000
1 2 212 2 242 0 0 4 0 0 0 0 1 598.000000 1.000000 0.996667 1.000000 0 0 0.000000
1 149 27479 161 138283 0 264 46 0 21 12 42 3 461.000000 9.000000 0.927565 0.703226 0 1 0.293544
1 940 385620 924 131003 801 1571 285 121 63 0 122 9 587.000000 7.000000 0.823282 0.689914 0 1 4418.290109
1 967 392714 965 126307 828 1630 290 127 60 0 125 8 539.000000 11.000000 0.749652 0.693582 0 1 17.318102
1 722 304149 828 122857 611 1272 270 96 47 1 93 10 436.000000 12.000000 0.608939 0.646452 0 1 7157.872452
1 749 324070 798 102646 642 1304 231 101 48 0 94 7 412.000000 12.000000 0.575419 0.693601 0 1 12.348087
1 831 361907 883 108117 720 1460 246 111 55 0 106 9 420.000000 9.000000 0.587413 0.708285 0 1 49.944974
1 922 386444 927 118601 796 1573 268 117 62 0 115 8 479.000000 13.000000 0.669930 0.705787 0 1 15.848373
1 1907629 -1991855354 2950304 337114333 25 4857888 37 4 22 41 45 6 -1.000000 388.000000 -0.002584 0.999983 0 1 4290.072604
1 3292229 -834397992 2562676 134300414 0 5854854 43 0 3 6 6 6 -1.000000 645.000000 -0.001553 0.999984 0 1 17.913378
1 3173961 -1119451002 2468264 129339280 0 5642175 40 0 0 0 0 6 -1.000000 622.000000 -0.001610 0.999984 0 0 0.000000
1 1868728 91961738 1449727 75975729 0 3318417 34 0 1 0 2 7 -1.000000 366.000000 -0.002740 0.999978 0 1 0.005000
1 3105270 -1282915678 2413658 126481895 0 5518882 38 0 0 0 0 8 -1.000000 609.000000 -0.001645 0.999985 0 0 0.000000
1 2025203 846038770 1700808 89161567 0 3725899 104 0 0 0 0 6 -1.000000 429.000000 -0.002336 0.999942 0 0 0.000000
1 2264007 1164365308 1804023 94549875 0 4067971 51 0 1 2 0 5 -1.000000 455.000000 -0.002203 0.999973 0 1 0.005000
1 2807639 -1984896972 2182113 114364831 0 4989674 70 0 1 0 2 7 -1.000000 550.000000 -0.001821 0.999970 0 1 0.005000
1 2080 1847308 2735 464129 2337 4676 134 38 975 77 267 59 220.000000 77.000000 0.305981 0.943302 0 1 107.055809
1 599 721101 959 75369 1028 1472 81 30 422 31 97 50 355.000000 31.000000 0.493741 0.892811 0 1 47.406882
1 4392 6391561 3604 209670 4508 7897 94 13 392 14 69 30 268.000000 209.000000 0.374302 0.975863 0 1 40.955291
1 123 37204 685 61148 270 739 63 12 451 13 83 27 308.000000 101.000000 0.428969 0.836634 0 1 45.872924
1 800 259370 1563 235722 970 2206 157 42 605 54 249 33 230.000000 34.000000 0.320334 0.867118 0 1 67.017081
1 229 98688 878 103394 425 1038 64 15 494 29 129 36 292.000000 39.000000 0.406120 0.879855 0 1 53.694592
1 676 789353 1116 86708 1156 1702 85 24 451 38 103 42 361.000000 32.000000 0.502786 0.902344 0 1 54.479727
1 1441 975214 1842 343392 2011 3060 213 63 453 68 261 50 301.000000 38.000000 0.418637 0.867195 0 1 63.500842
1 211 145508 731 60222 341 889 48 9 426 20 77 27 338.000000 36.000000 0.470752 0.892781 0 1 46.023375
1 907 476379 1328 260986 1023 2114 121 25 405 50 185 37 333.000000 51.000000 0.463143 0.891723 0 1 55.581301
1 108 16716 519 38232 263 579 42 6 304 11 95 28 396.000000 18.000000 0.552301 0.856459 0 1 32.551432
1 591 723450 888 74166 1035 1399 75 20 322 35 111 36 383.000000 15.000000 0.532684 0.895199 0 1 38.514015
1 132 41864 565 57255 263 584 108 11 315 18 92 26 390.000000 20.000000 0.543933 0.682927 0 1 33.130634
1 182 110505 660 51460 414 785 52 11 372 26 96 33 340.000000 40.000000 0.473538 0.870546 0 1 40.304801
1 201 73536 589 79057 314 711 79 9 308 23 65 29 415.000000 18.000000 0.577191 0.800000 0 1 33.907620
1 77 14632 504 37730 236 534 42 6 307 13 99 22 433.000000 16.000000 0.603905 0.846816 0 1 32.937636
1 186 45678 632 61419 401 737 76 22 327 27 107 40 408.000000 28.000000 0.572230 0.808068 0 1 38.163642
1 106 26537 493 45867 222 520 74 8 300 8 73 29 425.000000 16.000000 0.598592 0.744574 0 1 31.921447
1 879 443355 1194 247444 1099 1991 77 18 354 55 179 39 341.000000 33.000000 0.475593 0.923300 0 1 49.270210
1 167 39435 619 60365 316 619 167 25 306 18 100 37 383.000000 24.000000 0.532684 0.575064 0 1 34.373665
1 196 99026 677 63083 482 808 60 14 308 24 142 31 385.000000 22.000000 0.537709 0.856816 0 1 34.678974
1 1928 1452411 2153 366873 2449 3804 269 58 381 61 223 51 345.000000 95.000000 0.479833 0.866209 0 1 55.824956
1 6641 6038455 5800 677738 7140 12063 373 91 517 173 687 51 222.000000 218.000000 0.308762 0.939635 0 1 92.666686
1 8247 8702395 6797 934620 10769 14571 468 191 630 231 765 80 216.000000 94.000000 0.301255 0.937450 0 1 123.809217
1 1641 1379830 1983 369245 1896 3431 193 45 425 66 271 60 307.000000 40.000000 0.426982 0.893488 0 1 56.070494
1 1304 906053 1745 263114 1459 2879 165 39 453 66 241 56 272.000000 38.000000 0.378830 0.890128 0 1 53.909615
1 2801 1755141 2664 552633 3463 5211 249 75 474 117 395 57 273.000000 60.000000 0.379694 0.907960 0 1 79.338319
1 851 327575 1944 241230 1012 2672 118 29 862 62 273 53 249.000000 111.000000 0.346314 0.913775 0 1 95.530775
1 3851 1855067 4465 1030148 4027 8071 240 69 1144 176 540 66 163.000000 171.000000 0.227336 0.941679 0 1 150.525812
1 1354 587818 2439 384201 1542 3618 175 33 806 99 395 52 174.000000 80.000000 0.242340 0.907725 0 1 93.095024
1 1421 599974 2052 268669 1917 3292 176 54 604 146 388 56 300.000000 47.000000 0.417827 0.897207 0 1 90.794994
1 3880 2333964 4731 726725 4409 8331 275 72 1335 181 605 69 146.000000 99.000000 0.203060 0.935548 0 1 174.773369
1 84 18274 728 49215 199 760 47 7 561 10 65 32 420.000000 23.000000 0.585774 0.878079 0 1 56.363949
1 1015 585162 1146 210901 1182 2070 86 26 308 18 130 42 456.000000 32.000000 0.634214 0.918094 0 1 41.878601
1 3033 1718815 3145 621157 3200 5957 221 51 368 172 575 59 312.000000 51.000000 0.434540 0.928456 0 1 70.489893
1 4217 2951069 4180 714049 4779 8015 377 133 498 135 522 71 306.000000 131.000000 0.425591 0.909611 0 1 99.615931
1 5448 4161052 5033 844964 6214 10169 307 83 867 252 667 103 146.000000 88.000000 0.203060 0.940941 0 1 131.103680
1 737 205816 2015 348632 1410 2596 151 10 1130 68 149 40 199.000000 76.000000 0.277159 0.888445 0 1 121.719508
1 322 97511 1086 144181 666 1325 78 10 582 29 156 27 245.000000 40.000000 0.340751 0.885653 0 1 63.692872
1 333 97464 1006 106414 643 1229 110 13 589 34 114 29 232.000000 55.000000 0.322670 0.835698 0 1 65.087130
1 531 249357 1368 166035 1099 1792 102 15 597 45 225 36 215.000000 64.000000 0.300279 0.889942 0 1 68.646851
1 1483 1177536 2080 263648 2101 3384 174 46 671 62 235 47 209.000000 53.000000 0.290682 0.900926 0 1 81.483887
1 163 51818 817 68665 301 923 52 10 556 17 78 33 299.000000 40.000000 0.415855 0.888776 0 1 58.254224
1 3372 1447114 3863 685187 3521 6960 270 109 841 167 566 65 155.000000 122.000000 0.215577 0.924672 0 1 124.696533
1 7315 4943199 7341 1113437 7466 13741 915 261 1199 299 931 138 91.000000 129.000000 0.126565 0.875136 0 1 199.902804
1 73568 106279991 49530 2803757 119542 122827 266 89 1136 392 889 108 62.000000 475.000000 0.087324 0.995638 0 1 496.006934
1 196677 293895129 130271 6582271 326020 326839 104 20 723 58 89 40 4.000000 720.000000 0.005563 0.999349 0 1 84.686319
1 139426 208528786 90524 4499156 229137 229851 94 17 711 39 71 41 107.000000 470.000000 0.149025 0.999161 0 1 78.730233
1 1556 1330891 2389 330126 2104 3733 207 75 924 63 242 72 277.000000 88.000000 0.385257 0.893790 0 1 11023.237694
1 334 105415 913 108782 534 1150 97 13 405 45 196 46 308.000000 63.000000 0.428373 0.844427 0 1 45.504997
1 147 38812 653 54121 307 743 52 10 397 15 98 28 361.000000 22.000000 0.502786 0.863750 0 1 42.396293
1 3442 2750277 3991 703616 5357 7133 295 111 829 186 635 72 209.000000 114.000000 0.291492 0.919952 0 1 121.162804
1 578 230206 1380 130340 738 1849 103 22 669 54 244 45 199.000000 60.000000 0.276773 0.891726 0 1 72.372105
1 1982 937917 2978 517640 2179 4275 680 78 1079 109 405 71 127.000000 82.000000 0.176634 0.724798 0 1 126.811594
1 11944 15749834 9059 784110 16377 20025 966 309 550 154 381 111 308.000000 126.000000 0.435028 0.907442 0 1 19844.178555
1 256 54221 399 41379 365 611 44 12 15 14 73 22 608.000000 15.000000 0.853933 0.865649 0 1 5115.228839
1 14 1064 48 8509 0 23 39 0 0 0 0 3 636.000000 3.000000 0.936672 0.258065 0 0 0.000000
1 128 102184 152 12118 136 233 47 8 8 0 9 8 665.000000 5.000000 0.933989 0.664286 0 1 3011.341664
1 9 684 16 1624 0 0 25 0 0 0 0 2 695.000000 1.000000 0.977496 1.000000 0 0 0.000000
1 38 10118 54 5436 29 58 34 4 5 0 2 6 637.000000 7.000000 0.960784 0.260870 0 1 1245.200197
1 2 152 12 1361 0 0 14 0 0 0 0 2 680.000000 1.000000 0.982659 1.000000 0 0 0.000000
1 743 300002 790 95566 624 1277 256 128 40 45 52 12 598.000000 13.000000 0.871720 0.666014 0 1 4837.532418
1 8 558 18 1797 4 10 16 0 0 0 2 3 660.000000 1.000000 0.979228 0.230769 0 0 0.000000
1 2 152 10 1168 0 0 12 0 0 0 0 2 667.000000 1.000000 0.985229 1.000000 0 0 0.000000
1 35 11055 60 5826 39 78 17 4 10 0 4 5 656.000000 4.000000 0.974740 0.642105 0 1 3048.800536
1 1 76 8 1016 0 0 9 0 0 0 0 1 683.000000 1.000000 0.988423 1.000000 0 0 0.000000
1 37 12887 57 6269 37 76 18 6 6 0 4 6 657.000000 3.000000 0.969027 0.617021 0 1 3209.662782
1 19 2076 30 3558 14 28 21 7 1 1 2 5 701.000000 3.000000 0.980420 0.142857 0 1 0.054518
1 35 13692 63 6014 40 81 17 4 10 0 4 5 688.000000 5.000000 0.971751 0.653061 0 1 5501.600107
1 1 76 9 1092 0 0 10 0 0 0 0 2 668.000000 1.000000 0.986706 1.000000 0 0 0.000000
1 41 13035 60 6417 40 83 18 5 6 0 7 6 654.000000 4.000000 0.964602 0.643564 0 1 4365.836962
1 0 0 8 1016 0 0 8 0 0 0 0 1 670.000000 1.000000 0.988201 1.000000 0 0 0.000000
1 17 4277 31 3972 14 33 15 2 1 0 2 5 681.000000 3.000000 0.978448 0.375000 0 1 0.053826
1 14887 20485384 10700 1200276 347 25528 59 18 114 36 156 14 347.000000 110.000000 0.511799 0.995388 0 1 4913.137866
1 1 76 9 1092 0 0 10 0 0 0 0 2 668.000000 2.000000 0.986706 1.000000 0 0 0.000000
1 0 0 8 1016 0 0 8 0 0 0 0 1 669.000000 1.000000 0.988183 1.000000 0 0 0.000000
1 1 76 10 1207 0 0 11 0 0 0 0 2 686.000000 1.000000 0.985632 1.000000 0 0 0.000000
1 0 0 9 1133 0 0 9 0 0 0 0 1 669.000000 1.000000 0.986726 1.000000 0 0 0.000000
1 0 0 8 1016 0 0 8 0 0 0 0 1 669.000000 1.000000 0.988183 1.000000 0 0 0.000000
1 1 76 9 1092 0 0 10 0 0 0 0 2 668.000000 1.000000 0.986706 1.000000 0 0 0.000000
1 0 0 9 1131 0 0 9 0 0 0 0 1 687.000000 1.000000 0.987069 1.000000 0 0 0.000000
1 3 180 12 1313 0 4 11 0 0 0 0 3 666.000000 3.000000 0.982301 0.466667 0 0 0.000000
1 0 0 8 1016 0 0 8 0 0 0 0 1 669.000000 1.000000 0.988183 1.000000 0 0 0.000000
1 1 76 9 1092 0 0 10 0 0 0 0 2 694.000000 1.000000 0.987198 1.000000 0 0 0.000000
1 0 0 12 1418 0 0 12 0 0 0 0 1 684.000000 3.000000 0.982759 1.000000 0 0 0.000000
1 1 76 12 1435 0 0 13 0 0 0 0 2 665.000000 1.000000 0.982275 1.000000 0 0 0.000000
1 1 76 10 1205 0 0 11 0 0 0 0 2 692.000000 1.000000 0.985755 1.000000 0 0 0.000000
1 2 152 9 1078 0 0 11 0 0 0 0 2 617.000000 1.000000 0.985623 1.000000 0 0 0.000000
1 2 152 10 1168 0 0 12 0 0 0 0 2 707.000000 1.000000 0.986053 1.000000 0 0 0.000000
1 0 0 16 1671 0 0 16 0 0 0 0 1 682.000000 2.000000 0.977077 1.000000 0 0 0.000000
1 3 180 12 1258 0 4 11 0 0 0 0 3 696.000000 1.000000 0.983051 0.466667 0 0 0.000000
1 0 0 9 1078 0 0 9 0 0 0 0 1 672.000000 1.000000 0.986784 1.000000 0 0 0.000000
1 1 76 9 1092 0 0 10 0 0 0 0 2 670.000000 1.000000 0.986745 1.000000 0 0 0.000000
1 5 380 17 1711 0 0 22 0 0 0 0 2 696.000000 1.000000 0.977528 1.000000 0 0 0.000000
1 7 532 20 1928 0 0 27 0 0 0 0 4 663.000000 2.000000 0.970717 1.000000 0 0 0.000000
1 2 152 12 1269 0 0 14 0 0 0 0 2 629.000000 1.000000 0.981279 1.000000 0 0 0.000000
1 1 76 9 1092 0 0 10 0 0 0 0 2 671.000000 1.000000 0.986765 1.000000 0 0 0.000000
1 1 76 9 1080 0 0 10 0 0 0 0 2 671.000000 1.000000 0.986765 1.000000 0 0 0.000000
1 2 104 13 1412 0 4 11 0 0 0 0 2 691.000000 2.000000 0.981534 0.466667 0 0 0.000000
1 3402 3642235 3096 668895 245 6454 44 10 94 43 73 11 567.000000 41.000000 0.788595 0.986457 0 1 5831.286462
2 20108 11337526 18547 3217163 24110 36649 889 341 2592 1124 2290 281 91.000000 118.000000 0.126565 0.925107 0 3 20254.105424
2 58339 61853911 34045 3845054 40840 89502 1583 477 2357 997 2166 249 18.000000 298.000000 0.025035 0.951669 0 3 19940.367188
2 27499 15373050 25952 3551250 13892 50621 2168 787 2691 2902 3673 258 19.000000 500.000000 0.026426 0.906494 0 3 13551.297206
2 5840 5168863 7199 908122 6213 12318 621 126 1543 139 573 101 107.000000 311.000000 0.148818 0.897078 0 3 11748.666185
2 16370 16406243 12093 1481886 4067 28087 366 109 580 397 548 101 49.000000 292.000000 0.068150 0.973931 0 3 17933.673250
2 3764 2066693 4011 651612 1176 7384 284 93 327 58 406 46 137.000000 105.000000 0.190542 0.913183 0 3 16259.976783
2 9359 7277906 8118 1981909 5817 16343 602 272 491 208 734 120 196.000000 90.000000 0.272601 0.900669 0 3 16566.642486
2 3923 2619503 4639 641486 3454 7987 450 161 566 339 667 128 199.000000 162.000000 0.276773 0.880285 0 3 16602.118393
2 3169 1863622 3666 582860 3855 6585 249 105 398 167 601 103 292.000000 107.000000 0.406120 0.926993 0 3 18353.238253
2 5337 3317828 5837 1144669 5306 10785 383 152 586 187 716 156 259.000000 53.000000 0.360223 0.930911 0 3 15763.418164
2 17313 15362183 13663 1796287 7736 25058 5854 138 841 246 1021 155 90.000000 232.000000 0.125174 0.619964 0 3 16072.815080
2 2777 1170235 3133 666334 1075 5407 300 122 239 120 375 57 215.000000 64.000000 0.299026 0.864129 0 3 18572.894921
2 609 111914 668 87318 245 1059 54 15 51 15 98 16 465.000000 44.000000 0.650350 0.787001 0 2 6457.583747
2 813 332662 978 183614 228 1679 112 50 127 14 126 25 518.000000 21.000000 0.723464 0.874930 0 3 11237.589835
2 597 138056 743 85678 193 1225 115 44 129 28 86 31 439.000000 39.000000 0.610570 0.828358 0 3 9038.595595
2 3371 1945090 3822 1209802 3789 6886 285 100 372 254 393 113 331.000000 54.000000 0.460362 0.917698 0 3 10792.969888
2 5219 3385574 6106 1443659 5319 10338 985 175 451 361 714 119 208.000000 64.000000 0.289291 0.825872 0 3 9778.248099
2 20228 17348486 17549 4401753 19140 34372 3405 222 832 455 1267 141 62.000000 232.000000 0.086351 0.819732 0 3 13015.048660
2 5861 3479185 5770 1050441 5085 11031 590 271 513 331 975 111 183.000000 90.000000 0.254520 0.897687 0 3 11543.775230
2 16749 15282584 13426 5902672 21230 29552 478 228 702 382 1359 144 104.000000 232.000000 0.144645 0.963513 0 3 12420.836694
2 29021 25404194 18048 2145229 9476 46234 675 266 864 372 1608 179 79.000000 359.000000 0.109875 0.967919 0 3 11084.453277
2 23124 25575740 16680 2010762 27685 39165 615 231 659 371 1299 153 29.000000 430.000000 0.040334 0.968496 0 3 10849.067826
2 18860 19128693 13000 1383672 11524 31466 374 138 691 231 864 150 87.000000 268.000000 0.121001 0.975895 0 3 9249.413465
2 77271 87984468 49279 4415851 96125 125877 649 300 2125 798 2582 245 48.000000 446.000000 0.066759 0.989554 0 3 12124.343139
2 39377 51768721 22317 2208258 37504 61130 463 164 977 567 1188 155 55.000000 270.000000 0.076495 0.983353 0 3 8957.227150
2 13956 11794198 17002 4713168 17911 26453 4475 184 1525 535 2316 222 4.000000 720.000000 0.005563 0.709930 0 3 11061.589597
2 32464 30084050 19458 2388072 6764 50992 881 177 983 260 1535 131 118.000000 184.000000 0.164117 0.965121 0 3 10460.420111
2 21885 18721733 20606 3587409 23799 42008 476 192 2090 605 2319 185 17.000000 361.000000 0.023644 0.977431 0 3 9973.446429
2 20426 21065247 17312 2064308 9498 37491 247 84 1432 280 1075 114 57.000000 226.000000 0.079277 0.986910 0 3 10011.051093
2 23115 23441942 9321 645635 20336 32196 234 71 660 50 324 92 239.000000 42.000000 0.332406 0.985387 0 3 7710.777573
2 7457 8719581 4691 539082 8424 11203 533 78 172 72 347 88 255.000000 82.000000 0.354659 0.878334 0 3 7812.316276
2 3704 2316105 4396 661293 3119 7586 250 88 1041 91 454 46 163.000000 107.000000 0.226704 0.905679 0 3 7401.549122
2 1550 1279265 1534 224720 1178 2935 149 42 177 40 168 28 412.000000 45.000000 0.573018 0.903372 0 3 6395.194314
2 2203 962466 2598 859517 2506 4456 289 86 237 102 321 78 368.000000 93.000000 0.511822 0.867944 0 3 8231.201559
2 2785 2906216 2175 264944 3447 4795 165 54 145 38 180 53 360.000000 85.000000 0.501393 0.933468 0 3 7239.232232
2 27287 37620215 18633 1408685 43170 45555 359 116 1003 897 571 92 196.000000 160.000000 0.272601 0.984233 0 3 4639.553049
2 2664 1596796 2583 458321 2596 4997 208 50 197 68 296 59 324.000000 45.000000 0.450626 0.912712 0 3 7174.331921
2 3338 2238637 3313 484134 3657 6359 154 72 282 96 304 73 361.000000 117.000000 0.502786 0.932942 0 2 8743.074021
2 4006 3405338 4152 611666 6176 7979 161 79 469 174 640 110 319.000000 71.000000 0.448034 0.958323 0 2 8079.230130
2 2557 1281805 3104 521040 3860 5169 181 88 329 227 484 107 379.000000 70.000000 0.535311 0.881116 0 2 7516.589628
2 29663 43859990 14671 1316203 39612 43825 275 116 512 177 713 115 246.000000 137.000000 0.342142 0.982316 0 3 8628.278990
2 1314 561127 1499 418247 645 2351 41 12 109 87 202 44 342.000000 31.000000 0.475661 0.821187 0 2 5407.153820
2 1458 931073 1558 165866 1931 2917 44 18 159 40 306 54 447.000000 28.000000 0.621697 0.952586 0 2 6607.185018
2 5540 4561690 5351 869529 7450 10762 129 51 441 450 800 94 305.000000 69.000000 0.424200 0.976311 0 2 7685.001155
2 521 230435 608 79720 309 1061 66 21 69 23 84 21 480.000000 21.000000 0.676056 0.881311 0 2 4258.241495
2 602 470169 654 58341 674 1235 21 3 69 21 73 15 535.000000 24.000000 0.746165 0.966560 0 2 4891.769443
2 1445 993938 1207 343381 359 2412 90 34 59 13 92 15 469.000000 62.000000 0.655028 0.875566 0 2 3538.581224
2 256 70349 313 35132 44 507 59 11 41 10 29 14 572.000000 20.000000 0.801120 0.787346 0 2 3087.702812
1 0 0 7 1319 0 0 7 0 0 0 0 2 710.000000 1.000000 0.990237 1.000000 0 0 0.000000
1 0 0 10 1645 0 0 10 0 0 0 0 2 668.000000 1.000000 0.985251 1.000000 0 0 0.000000
1 0 0 9 1639 0 0 9 0 0 0 0 2 669.000000 2.000000 0.986726 1.000000 0 0 0.000000
1 0 0 9 1725 0 0 9 0 0 0 0 2 669.000000 1.000000 0.986726 1.000000 0 0 0.000000
1 0 0 10 1966 0 0 10 0 0 0 0 2 681.000000 1.000000 0.985528 1.000000 0 0 0.000000
1 0 0 10 1817 0 0 10 0 0 0 0 2 668.000000 1.000000 0.985251 1.000000 0 0 0.000000
1 0 0 9 1725 0 0 9 0 0 0 0 2 690.000000 1.000000 0.987124 1.000000 0 0 0.000000
1 0 0 9 1725 0 0 9 0 0 0 0 2 668.000000 1.000000 0.986706 1.000000 0 0 0.000000
1 0 0 9 1725 0 0 9 0 0 0 0 2 668.000000 1.000000 0.986706 1.000000 0 0 0.000000
1 5 376 15 3416 0 10 10 0 1 0 2 3 667.000000 1.000000 0.983776 0.000000 0 1 0.005000
1 0 0 9 1725 0 0 9 0 0 0 0 2 668.000000 3.000000 0.986706 1.000000 0 0 0.000000
1 0 0 9 1725 0 0 9 0 0 0 0 2 668.000000 1.000000 0.986706 1.000000 0 0 0.000000
1 0 0 8 1496 0 0 8 0 0 0 0 1 670.000000 1.000000 0.988201 1.000000 0 0 0.000000
1 0 0 10 1966 0 0 10 0 0 0 0 2 698.000000 1.000000 0.985876 1.000000 0 0 0.000000
1 0 0 9 1630 0 0 9 0 0 0 0 2 661.000000 1.000000 0.986567 1.000000 0 0 0.000000
1 53 5526 49 23141 0 93 9 0 2 1 0 3 657.000000 1.000000 0.969027 0.823529 0 1 0.002500
1 50 5243 46 22842 0 88 8 0 1 1 0 3 686.000000 3.000000 0.971671 0.833333 0 1 0.005000
1 1 46 9 1779 0 1 9 0 0 1 0 2 683.000000 1.000000 0.986994 0.800000 0 0 0.000000
1 5 376 14 3229 0 10 9 0 1 0 2 3 616.000000 2.000000 0.982456 0.052632 0 1 0.005000
1 29 2898 31 12545 0 51 9 0 2 1 0 3 703.000000 1.000000 0.979109 0.700000 0 1 0.002500
1 20 2065 23 10368 0 35 8 0 0 1 0 3 649.000000 1.000000 0.980363 0.627907 0 0 0.000000
1 0 0 9 1725 0 0 9 0 0 0 0 2 669.000000 1.000000 0.986726 1.000000 0 0 0.000000
1 13 1036 20 5558 0 24 9 0 2 1 2 3 671.000000 1.000000 0.983871 0.454545 0 1 0.002500
1 0 0 10 1859 0 0 10 0 0 0 0 2 706.000000 1.000000 0.986033 1.000000 0 0 0.000000
1 0 0 9 1725 0 0 9 0 0 0 0 2 669.000000 1.000000 0.986726 1.000000 0 0 0.000000
1 5 338 13 3093 0 10 8 0 1 0 2 3 620.000000 1.000000 0.985692 0.111111 0 1 0.005000
1 0 0 10 1966 0 0 10 0 0 0 0 2 686.000000 1.000000 0.985632 1.000000 0 0 0.000000
1 0 0 10 1817 0 0 10 0 0 0 0 2 667.000000 1.000000 0.985229 1.000000 0 0 0.000000
1 5 376 14 3324 0 10 9 0 1 0 2 3 668.000000 3.000000 0.985251 0.052632 0 1 0.005000
1 0 0 9 1725 0 0 9 0 0 0 0 2 669.000000 1.000000 0.986726 1.000000 0 0 0.000000
1 0 0 9 1725 0 0 9 0 0 0 0 2 678.000000 1.000000 0.986900 1.000000 0 0 0.000000
1 0 0 11 2058 0 0 11 0 0 0 0 2 685.000000 1.000000 0.984195 1.000000 0 0 0.000000
1 5 338 14 3280 0 10 9 0 1 0 2 3 668.000000 1.000000 0.985251 0.052632 0 1 0.005000
1 0 0 9 1725 0 0 9 0 0 0 0 2 668.000000 1.000000 0.986706 1.000000 0 0 0.000000
1 0 0 10 2068 0 0 10 0 0 0 0 3 667.000000 1.000000 0.985229 1.000000 0 0 0.000000
1 0 0 10 2122 0 0 10 0 0 0 0 3 662.000000 1.000000 0.985119 1.000000 0 0 0.000000
1 0 0 10 1817 0 0 10 0 0 0 0 2 674.000000 2.000000 0.985380 1.000000 0 0 0.000000
1 0 0 9 1725 0 0 9 0 0 0 0 2 671.000000 1.000000 0.986765 1.000000 0 0 0.000000
1 5 338 15 3623 0 10 10 0 1 0 2 4 668.000000 1.000000 0.983800 0.000000 0 1 0.005000
1 0 0 9 1779 0 0 9 0 0 0 0 2 671.000000 1.000000 0.986765 1.000000 0 0 0.000000
1 0 0 10 1817 0 0 10 0 0 0 0 2 672.000000 1.000000 0.985337 1.000000 0 0 0.000000
1 0 0 8 1538 0 0 8 0 0 0 0 2 653.000000 1.000000 0.987897 1.000000 0 0 0.000000
1 0 0 10 2068 0 0 10 0 0 0 0 3 677.000000 1.000000 0.985444 1.000000 0 0 0.000000
1 0 0 9 1779 0 0 9 0 0 0 0 2 670.000000 1.000000 0.986745 1.000000 0 0 0.000000
1 0 0 10 1817 0 0 10 0 0 0 0 2 671.000000 1.000000 0.985316 1.000000 0 0 0.000000
1 0 0 9 1725 0 0 9 0 0 0 0 2 673.000000 1.000000 0.986804 1.000000 0 0 0.000000
