2 2003 481962 3192 401726 1645 4475 563 71 1403 72 234 133 89.000000 357.000000 0.123783 0.753032 0 3 5650.093509
2 1592 414722 2818 311292 1326 3549 590 48 1308 32 165 146 95.000000 213.000000 0.132312 0.670975 0 2 5946.600187
2 1711 299585 2765 282441 986 3187 922 50 1251 30 153 121 103.000000 140.000000 0.143255 0.506032 0 2 6269.000278
2 1881 359549 2866 298717 1279 3326 1035 48 1283 32 175 155 88.000000 228.000000 0.122392 0.482621 0 2 6583.776116
2 1823 350783 2749 284560 1055 3129 1068 35 1249 39 134 154 100.000000 249.000000 0.139082 0.450787 0 2 6891.510326
2 2573 1116588 3313 357689 1929 4668 870 74 1332 59 181 133 131.000000 98.000000 0.182197 0.645260 0 3 7436.020794
2 1987 532014 3072 329168 1819 4266 620 55 1387 52 249 180 125.000000 209.000000 0.173853 0.720696 0 2 7569.470667
2 2072 439055 3299 378819 1575 4276 852 94 1369 46 237 185 101.000000 201.000000 0.140669 0.637498 0 2 7949.312237
2 1869 505144 3049 295916 1421 3813 781 56 1295 40 180 160 109.000000 144.000000 0.151811 0.616511 0 2 8299.871354
2 1692 333842 2876 284828 1275 3447 702 71 1260 63 192 165 112.000000 130.000000 0.155772 0.600919 0 3 8676.370414
2 311662 327448497 221198 20223333 319750 507596 24835 975 6992 3309 6960 1310 -1.000000 720.000000 -0.001391 0.905981 0 3 11952.368322
2 370656 386669611 265901 24519223 378465 612649 23200 1611 8319 3345 9273 1642 -1.000000 720.000000 -0.001391 0.925996 0 3 8070.332965
2 279866 294391477 206456 17866750 293035 471829 14121 815 6837 2226 7250 1139 -1.000000 720.000000 -0.001391 0.941162 0 3 4293.791378
2 282898 305611907 206331 13456283 281765 481521 5483 538 5236 2138 4804 864 -1.000000 720.000000 -0.001391 0.973037 0 3 1482.301684
2 262414 296491727 179556 10439395 247698 401669 39919 385 3911 1209 2772 765 -1.000000 720.000000 -0.001391 0.818494 0 3 1227.494287
2 154718 177798540 90738 6694155 113902 151543 93437 286 3063 660 2053 623 -1.000000 720.000000 -0.001391 0.236727 0 3 2673.566048
2 33736 28971188 28584 4181260 38953 57634 4393 451 3566 798 2610 701 -1.000000 720.000000 -0.001391 0.854316 0 3 4191.057980
2 70311 71447036 56094 5541645 90424 113785 12359 748 3794 907 2606 765 -1.000000 720.000000 -0.001391 0.802389 0 3 5780.556903
2 67166 69513701 47893 5123982 71586 108176 6360 741 4324 897 2369 832 -1.000000 720.000000 -0.001391 0.884903 0 3 7467.751622
2 61154 56027045 45790 5669935 62229 100231 6043 871 4806 1583 3573 1584 -1.000000 720.000000 -0.001391 0.880723 0 3 9421.688887
2 70281 73955346 49148 4388976 71777 114553 2540 368 3664 1042 2353 984 -1.000000 720.000000 -0.001391 0.937905 0 3 11524.087458
2 65181 61931293 45975 11988946 71979 105474 5392 276 3376 778 2230 773 -1.000000 720.000000 -0.001391 0.900374 0 3 13057.704884
2 120680 126511100 82551 12981469 162156 193894 8318 404 4751 1877 3799 1143 -1.000000 720.000000 -0.001391 0.913128 0 4 14763.542537
2 242867 278227165 154526 17481240 344507 378795 16971 551 5077 1276 4184 1605 -1.000000 720.000000 -0.001391 0.910494 0 3 17195.741489
2 92359 83388613 71755 18781038 121505 155125 8454 883 5733 1427 5628 1348 -1.000000 720.000000 -0.001391 0.893714 0 4 18654.084558
2 188445 210708119 117653 10552300 255582 287467 16604 732 5625 1297 4868 1606 -1.000000 720.000000 -0.001391 0.884890 0 3 16214.088241
2 81533 72638939 58400 13898837 69373 124166 15299 905 6208 1491 4919 1186 -1.000000 720.000000 -0.001391 0.777994 0 3 13468.388179
2 209232 204020705 155209 17919459 192828 336224 25792 937 7259 2298 6674 1222 -1.000000 720.000000 -0.001391 0.851803 0 4 10427.574784
2 196841 207555694 143628 15438065 193357 328846 11154 500 5636 1403 4511 857 -1.000000 720.000000 -0.001391 0.933101 0 4 7263.300716
2 185316 188634655 144393 11654775 197423 322817 6561 714 6239 1747 5229 1098 -1.000000 720.000000 -0.001391 0.959197 0 3 4792.258058
2 211020 214182513 154590 12746022 225738 359197 5441 787 7127 2774 6400 1189 -1.000000 720.000000 -0.001391 0.967577 0 3 2041.315782
2 186112 186522286 131639 12107793 173554 293521 23357 732 7453 2328 6618 1440 -1.000000 720.000000 -0.001391 0.850238 0 3 1809.508176
2 163661 158410429 123785 11722907 164124 271457 15453 739 6981 2506 6458 1250 -1.000000 720.000000 -0.001391 0.890616 0 3 6034.459862
2 207292 203900183 156869 11585855 205418 348339 15286 733 6485 2790 6240 1141 -1.000000 720.000000 -0.001391 0.914576 0 3 9246.228326
2 171202 164176722 131144 12760122 176548 292448 9537 723 6008 2489 6366 965 -1.000000 720.000000 -0.001391 0.935719 0 3 12176.301525
2 203058 195832761 147069 14469940 197740 329864 19895 935 7149 2584 6995 1388 -1.000000 720.000000 -0.001391 0.885304 0 3 15278.570288
2 237977 241717552 175562 12342438 250274 405061 8243 898 6121 1826 5384 1084 -1.000000 720.000000 -0.001391 0.959566 0 3 18357.995477
2 221207 218989498 168375 11287202 231537 382681 6590 882 6198 1789 4662 905 -1.000000 720.000000 -0.001391 0.965371 0 4 17802.528075
2 240772 243188921 176247 12152201 249479 409787 6884 795 6467 1719 4643 934 -1.000000 720.000000 -0.001391 0.966150 0 4 15187.292605
2 347677 364330841 248511 14785746 355067 590568 5270 709 6206 2317 4801 849 -1.000000 720.000000 -0.001391 0.981734 0 3 12462.576924
2 52982 37832414 49533 12658846 70177 96327 5918 629 6475 1379 5552 997 -1.000000 720.000000 -0.001391 0.881910 0 3 9731.633937
2 43370 35930933 36434 4304097 49627 72577 6852 497 5209 1033 3222 843 -1.000000 720.000000 -0.001391 0.823580 0 4 7411.092250
2 51514 45061167 42154 5670861 63131 87467 5711 502 5031 1229 3928 877 -1.000000 720.000000 -0.001391 0.872827 0 3 5473.385234
2 38294 31718804 31742 4703561 45451 64787 4995 489 4877 1022 3569 820 -1.000000 720.000000 -0.001391 0.853732 0 3 3617.405543
2 66294 53389972 52369 8282533 75218 113292 5023 547 5228 1888 5778 844 -1.000000 720.000000 -0.001391 0.912407 0 3 1326.089249
2 41103 38379955 33278 4510328 46661 68508 5280 372 3758 878 3015 667 -1.000000 720.000000 -0.001391 0.850056 0 3 902.696408
2 29612 25746917 25527 4190120 37257 49775 5078 241 3548 827 2779 510 0.000000 720.000000 0.000000 0.810624 0 4 2269.171856
2 24754 22147857 18834 2447070 25141 39397 3920 166 2967 645 1514 406 1.000000 720.000000 0.001391 0.813917 0 3 3317.270780
2 18164 15463937 15899 2692260 19149 29151 4705 183 3149 529 1379 438 -1.000000 720.000000 -0.001391 0.717670 0 2 4212.745654
2 17493 14569547 16132 4252471 19448 25996 7174 136 2681 450 1023 442 -1.000000 720.000000 -0.001391 0.559762 0 3 5170.984174
2 7414 8599638 5171 423596 9694 10760 1778 806 290 32 235 101 92.000000 590.000000 0.127955 0.713707 0 3 16711.103627
2 14148 20295510 10920 752196 21938 22948 2059 933 209 97 312 111 101.000000 720.000000 0.140473 0.833293 0 3 13569.363072
2 2111 678563 2209 269205 1485 2530 1717 779 124 55 190 100 125.000000 719.000000 0.173853 0.188194 0 3 19421.248169
2 16817 22646012 11754 807442 21539 26682 1833 820 220 109 297 114 96.000000 720.000000 0.133519 0.869728 0 3 21583.405284
2 38958 57013668 22109 1203064 55960 59330 1694 768 691 60 239 113 67.000000 720.000000 0.093185 0.943816 0 3 12754.281474
2 11525 14621227 7348 534102 15676 16978 1744 764 274 100 308 124 116.000000 720.000000 0.161335 0.807185 0 3 16982.635057
2 8586 10045091 5809 457402 8056 12490 1767 833 162 81 239 91 105.000000 720.000000 0.146036 0.744911 0 3 20910.133554
2 5627 4542144 5353 648858 7204 8992 1688 733 454 256 446 177 83.000000 719.000000 0.115599 0.665209 0 3 14635.425953
2 2365 760534 2467 317327 2052 3277 1494 655 162 68 255 104 141.000000 584.000000 0.196106 0.368998 0 3 17903.266130
2 16513 20158893 10868 990250 18619 24977 1708 730 386 171 486 177 79.000000 495.000000 0.109875 0.849823 0 3 17237.724478
2 20796 15950825 23509 3351902 24667 40239 3726 1329 2438 1132 3527 471 -1.000000 720.000000 -0.001391 0.824128 0 4 17996.521074
2 24978 16087206 26571 4722523 27256 47704 3624 1385 1893 893 2987 554 -1.000000 720.000000 -0.001391 0.855109 0 4 11318.471512
2 50930 38715638 49079 6122264 38127 96255 3511 1204 2088 834 3906 521 -1.000000 720.000000 -0.001391 0.927357 0 4 11553.038362
2 23988 24199773 22593 2295989 27908 43953 2519 990 1240 333 2424 364 1.000000 720.000000 0.001391 0.889504 0 4 11535.897897
2 8911 7735109 9742 1121316 11375 15858 2702 1113 852 159 2128 198 -1.000000 720.000000 -0.001391 0.705302 0 4 15043.546308
2 4954 1711248 7658 980329 5804 10445 2114 836 985 286 2119 206 1.000000 720.000000 0.001391 0.660561 0 4 16791.620210
2 6406 2207906 9059 1117552 6959 12441 2881 1196 1100 484 2266 247 1.000000 720.000000 0.001391 0.618170 0 4 13385.228884
2 11658 10419431 12264 1141170 11694 21256 2522 1048 1250 738 2155 229 0.000000 720.000000 0.000000 0.783128 0 4 13468.855955
2 48548 45042679 39887 3412123 48970 85555 2639 1088 902 242 2326 252 -1.000000 720.000000 -0.001391 0.937593 0 4 15169.618225
2 93168 110699848 66035 6577028 113501 153718 5070 1305 2776 1578 3650 671 -1.000000 720.000000 -0.001391 0.933701 0 4 17354.013325
2 69033 86455961 49969 5282962 93489 107047 11552 1662 2009 852 3495 664 -1.000000 720.000000 -0.001391 0.802465 0 4 12488.276421
2 39144 44359151 30033 4167044 52731 61717 7082 1293 2348 539 3832 567 -1.000000 720.000000 -0.001391 0.789786 0 4 14285.408083
2 9788 4781776 13526 2281742 9218 16254 6764 1061 1266 316 2365 507 -1.000000 720.000000 -0.001391 0.407052 0 4 19078.640652
2 7448 4991643 9336 1036920 8378 13901 2664 1074 888 301 2115 250 1.000000 720.000000 0.001391 0.669507 0 4 12553.925644
2 64046 76425176 49360 5375915 78008 110429 2905 1209 1910 1501 3454 327 -1.000000 720.000000 -0.001391 0.948133 0 4 11387.939154
2 33769 29844670 33111 5272378 36993 60076 5276 1059 2712 1319 4021 787 0.000000 720.000000 0.000000 0.819378 0 4 12429.886976
2 29396 36698829 22140 2993617 33670 46585 4652 1147 1708 353 3368 482 -1.000000 720.000000 -0.001391 0.813664 0 4 17322.171164
2 69852 71036076 52934 6134021 59690 101040 21169 1657 2109 726 3977 633 -1.000000 720.000000 -0.001391 0.650489 0 4 13324.921500
2 187181 264411776 137747 10096604 249387 319314 5341 1425 1797 914 3443 581 -1.000000 720.000000 -0.001391 0.966285 0 4 18027.467039
2 171458 234731626 163472 13193247 173740 316495 18122 1350 3487 1196 3505 682 -1.000000 720.000000 -0.001391 0.890852 0 27 10922.987088
2 174156 219611145 144302 12361911 150401 311976 5551 1163 3013 2990 4525 762 -1.000000 720.000000 -0.001391 0.962215 0 4 12565.424561
2 133456 184157476 130409 10617388 130695 258361 5179 930 2352 926 3474 688 -1.000000 720.000000 -0.001391 0.959513 0 4 11346.491413
2 175350 226059110 125076 9971369 166630 294439 5604 1138 2382 1863 3767 639 -1.000000 720.000000 -0.001391 0.961418 0 4 11015.867925
2 219539 298502521 176942 14207239 211355 390141 6139 1670 2240 951 4089 618 -1.000000 720.000000 -0.001391 0.968526 0 4 20066.118196
2 204726 288652185 170414 12668687 201276 368205 6509 1326 1724 578 2613 583 -1.000000 720.000000 -0.001391 0.964163 0 4 22811.470187
2 75163 95038700 76951 9746355 73865 138055 13146 1801 1631 552 3087 719 -1.000000 720.000000 -0.001391 0.821154 0 4 14067.168264
2 216982 299696416 175946 19183227 268309 379231 12944 1327 2322 988 3591 679 -1.000000 720.000000 -0.001391 0.932199 0 4 16958.674407
2 181222 234850995 172487 16791893 215176 341832 10982 1753 2772 1174 4265 783 -1.000000 720.000000 -0.001391 0.935373 0 5 11644.070448
2 125110 170283346 126257 13215411 126664 239573 11040 1398 1750 868 3121 658 -1.000000 720.000000 -0.001391 0.909161 0 4 13721.559780
2 111811 134346999 99477 10933721 137773 199766 10456 1453 2591 1457 4053 717 -1.000000 720.000000 -0.001391 0.895981 0 4 19949.632508
2 211383 235061426 144474 17958050 253049 333672 21001 2247 4194 2460 5726 913 -1.000000 720.000000 -0.001391 0.878642 0 4 18895.320722
2 87797 103491261 69600 10280066 112264 140049 15531 1392 2309 585 2581 726 -1.000000 720.000000 -0.001391 0.791108 0 4 18426.201904
2 43823 51665031 42615 6153258 64858 72172 12433 1378 1669 804 2342 577 -1.000000 720.000000 -0.001391 0.691120 0 4 19593.154791
2 31424 21056159 27804 6198744 18384 44445 12822 1105 1402 423 1848 568 -1.000000 720.000000 -0.001391 0.533920 0 4 20769.705947
2 19055 5876727 20833 4650592 7780 25623 11815 1074 1074 240 1666 563 -1.000000 720.000000 -0.001391 0.346169 0 4 21959.273525
2 36122 6567063 36443 11298290 4079 34583 36227 979 1012 196 1317 515 -1.000000 720.000000 -0.001391 0.022656 0 5 22332.182407
2 15898 2670532 17295 4314985 2889 20862 10636 884 859 141 1178 442 -1.000000 720.000000 -0.001391 0.308077 0 4 23250.672766
2 15981 7532498 13310 2389657 6677 24230 4812 883 870 120 1072 179 0.000000 720.000000 0.000000 0.662934 0 4 23055.582859
2 5506 1072251 8590 3532516 2494 6072 7378 751 853 115 1088 176 0.000000 720.000000 0.000000 0.092650 0 4 23579.178349
2 5679 1025044 9012 5072914 2382 5570 8582 660 778 126 1055 162 1.000000 720.000000 0.001391 0.205023 0 3 23849.494383
2 9993 6068334 18314 3463911 12847 26892 1054 368 6269 700 920 1503 -1.000000 720.000000 -0.001391 0.912778 0 2 6873.978864
2 41031 56666235 49894 5617868 66588 89220 1163 403 6672 948 1604 1541 -1.000000 720.000000 -0.001391 0.968458 0 2 10156.751162
2 40353 40262856 44535 15514813 50342 82730 1198 427 6506 913 1871 1488 0.000000 720.000000 0.000000 0.960466 0 2 8113.734921
2 11431 9665894 18647 2966445 15852 28492 955 331 6348 484 902 1420 0.000000 720.000000 0.000000 0.915520 0 2 6251.296775
2 12110 10008952 18888 3239747 12702 29303 1272 506 6343 502 467 1360 -1.000000 720.000000 -0.001391 0.904284 0 2 8067.522972
2 11932 10476072 18501 2873813 13258 28865 1126 421 6373 361 207 1356 -1.000000 720.000000 -0.001391 0.911478 0 2 5603.792684
2 14515 18274071 18622 2513299 19025 31581 911 294 5784 547 604 1354 2.000000 720.000000 0.002782 0.925551 0 2 5719.781145
2 14341 15813473 20854 3289774 20063 33827 993 283 6084 695 529 1336 2.000000 720.000000 0.002782 0.932917 0 2 6389.850366
2 28233 36367005 32280 4574702 40250 58771 1188 392 6434 541 798 1448 1.000000 720.000000 0.001391 0.951581 0 2 13262.268111
2 65159 76263379 68965 11537020 79798 131689 1576 627 6550 878 1985 1586 1.000000 720.000000 0.001391 0.970095 0 2 12132.679522
2 47519 53729099 49856 8452931 61725 95527 1465 560 6538 973 1501 1575 -1.000000 720.000000 -0.001391 0.965977 0 2 6497.087174
2 8816 5213573 16388 2220341 8740 24166 788 258 6055 462 801 1380 0.000000 720.000000 0.000000 0.927551 0 2 8075.547499
2 4903 2409313 10958 1447450 4379 14758 879 290 5216 307 280 1309 -1.000000 720.000000 -0.001391 0.875039 0 2 9440.469025
2 28629 44064269 28729 2069521 45761 56205 976 333 5690 484 360 1339 0.000000 720.000000 0.000000 0.962882 0 2 5046.564438
2 62378 96613535 51764 3494319 87891 112878 1069 329 6403 716 511 1393 -1.000000 720.000000 -0.001391 0.979561 0 3 5381.824251
2 9825 11228667 9341 1379066 12636 17610 898 285 1528 192 1018 302 52.000000 249.000000 0.072323 0.871961 0 2 16621.943694
2 5798 4103132 7005 1775349 4285 11476 1094 292 1094 118 319 166 25.000000 371.000000 0.034771 0.810904 0 2 17113.219726
2 101572 120423135 79847 6565637 121047 179767 1366 517 1734 781 1922 362 1.000000 720.000000 0.001391 0.983364 0 2 11793.829350
2 36417 46804198 35817 4333272 52943 70374 1260 440 1399 569 1566 254 2.000000 720.000000 0.002782 0.956807 0 2 13325.528089
2 31825 27379576 27114 3441612 26737 57232 1595 625 1677 626 1399 359 5.000000 720.000000 0.006954 0.943976 0 2 19732.740778
2 23682 22643879 19809 2387848 19751 42147 1260 430 1000 443 1077 251 23.000000 720.000000 0.031989 0.940126 0 2 19352.005754
2 32557 21223238 24730 2163778 11094 56142 989 351 449 251 645 157 11.000000 720.000000 0.015299 0.962749 0 2 19083.865284
2 9825 1930536 7834 628322 1073 16718 771 226 78 62 194 79 56.000000 290.000000 0.077886 0.903052 0 2 14867.099073
2 24548 20560649 16632 1228582 14975 40380 798 245 123 62 247 92 44.000000 439.000000 0.061196 0.961195 0 2 17771.352011
2 7257 8447807 5830 492704 6306 12416 648 204 111 82 261 66 193.000000 261.000000 0.268428 0.899213 0 2 16809.376529
2 992 703659 1180 307953 715 1093 622 163 6 0 14 29 265.000000 50.000000 0.369596 0.216851 0 1 18.786077
1 13535 19948187 11565 1545852 14248 24756 344 90 221 100 427 71 352.000000 61.000000 0.490251 0.972590 0 1 74.847016
1 27505 30045107 26385 2530160 27633 53798 91 7 45 22 92 24 240.000000 123.000000 0.333797 0.996604 0 1 15.218994
1 18518 7954382 19380 2122877 212 37851 47 2 29 19 54 10 45.000000 252.000000 0.062674 0.997520 0 1 12.541015
1 5455 3385575 5673 567609 241 11093 35 2 28 5 49 9 382.000000 173.000000 0.551227 0.993710 0 1 10.943442
1 186 19415 211 55869 219 362 35 1 18 4 39 10 584.000000 7.000000 0.848837 0.823678 0 1 8.386497
1 240 33273 264 66496 260 454 50 4 22 7 48 9 592.000000 10.000000 0.832630 0.801587 0 1 9.659599
1 199 24101 228 62797 235 373 52 4 18 4 36 13 608.000000 9.000000 0.845619 0.751756 0 1 7.118052
1 3423 4704732 2158 167579 3443 5470 111 8 44 10 69 21 559.000000 25.000000 0.784011 0.960222 0 1 15.891987
1 43198 42931996 32767 2667171 42892 75896 69 12 34 13 58 17 190.000000 404.000000 0.264256 0.998183 0 1 16.102209
1 78747 101175630 48383 3717524 45242 126803 327 76 137 58 203 58 164.000000 210.000000 0.228095 0.994856 0 1 43.766848
1 6573 2908391 3760 555883 1995 10069 254 21 73 39 194 51 363.000000 49.000000 0.504868 0.949869 0 1 33.880487
1 23162 13088310 13662 1168240 8124 36514 310 72 206 202 321 67 85.000000 168.000000 0.118220 0.983163 0 1 57.898270
1 131597 197739730 74354 3963271 3485 205367 579 110 229 178 404 91 127.000000 245.000000 0.176634 0.994353 0 1 91.180154
1 194906 311385318 116675 5551239 227 311484 97 3 17 6 36 14 221.000000 436.000000 0.307799 0.999377 0 1 6.790488
1 310 38065 342 64678 279 555 97 2 26 7 51 12 552.000000 11.000000 0.767733 0.702454 0 1 11.909173
1 24089 25466596 14158 793677 4018 38155 90 6 106 86 206 17 326.000000 74.000000 0.453407 0.995241 0 1 31.591189
1 29568 46704684 17679 1028524 1322 47161 86 9 79 64 206 15 480.000000 66.000000 0.667594 0.996360 0 1 27.847842
1 10550 11160221 8009 1074724 13443 18223 326 125 341 282 684 79 267.000000 90.000000 0.371349 0.964330 0 1 103.008226
1 6400 2390090 6293 785586 3649 10079 2608 66 229 82 347 55 19.000000 377.000000 0.026426 0.588592 0 1 58.081586
1 5607 4883943 6187 878412 8184 11016 757 117 1955 161 610 48 228.000000 105.000000 0.317107 0.869849 0 24 18268.639618
1 7527 7589915 5968 1179226 8619 12503 979 159 278 126 484 70 253.000000 106.000000 0.351878 0.853946 0 1 79.269173
1 7716 6013755 6018 1084707 8122 12928 802 112 261 239 600 122 228.000000 144.000000 0.317107 0.882918 0 1 83.195088
1 6536 4095353 5425 905228 5153 11421 532 92 220 197 468 62 121.000000 251.000000 0.168289 0.910375 0 1 57.648896
1 15980 5207690 15945 21134667 5344 30702 1189 111 618 169 510 86 8.000000 555.000000 0.011127 0.924448 0 1 124.113420
1 11265 3813953 14376 10809731 2749 10983 14527 30 164 63 264 72 0.000000 720.000000 0.000000 0.138216 0 1 55.579539
1 10248 4006752 16287 7138787 4169 12174 14114 93 255 167 530 125 0.000000 720.000000 0.000000 0.073111 0 1 89.621237
1 17495 11968607 13721 2457423 7897 25987 5009 77 216 91 233 117 -1.000000 720.000000 -0.001391 0.672027 0 1 54.711128
1 9189 4875731 9904 4801722 4766 11050 7980 10 76 61 149 79 -1.000000 720.000000 -0.001391 0.160792 0 1 21.163798
1 11125 8637142 10944 2667409 1377 16079 5936 28 97 68 180 81 -1.000000 720.000000 -0.001391 0.459604 0 1 26.472027
1 98018 136476133 56730 6433369 136262 146266 8372 45 140 80 222 113 -1.000000 720.000000 -0.001391 0.891087 0 1 549.893933
1 5679 1027852 9080 7918405 1536 3101 11385 20 80 69 180 87 20.000000 441.000000 0.027855 0.561285 0 1 23.069972
1 2605 409704 4577 2450384 994 1368 5678 17 73 42 128 87 100.000000 155.000000 0.139082 0.600111 0 1 18.090896
1 2688 405272 5229 4057613 1016 1615 6190 12 66 41 111 72 79.000000 291.000000 0.109875 0.577870 0 1 18.553134
1 2130 320930 4013 2295620 1043 1465 4534 15 84 39 106 69 163.000000 101.000000 0.226704 0.499593 0 1 22.458613
1 4629 676207 8952 7586626 1207 1732 11668 11 80 63 152 92 43.000000 394.000000 0.059805 0.731610 0 1 22.022659
1 2939 448017 5225 3678585 1174 1620 6358 28 85 52 117 88 134.000000 215.000000 0.186370 0.580353 0 1 23.935478
1 2129 277970 3901 2914826 826 1142 4885 14 51 39 103 67 172.000000 117.000000 0.239221 0.620730 0 1 14.817070
1 2554 371497 4990 3035879 1057 1427 5998 12 67 41 114 68 138.000000 364.000000 0.191933 0.605912 0 1 19.339079
1 3704 477562 6796 4774805 1928 2370 8064 19 159 56 304 83 79.000000 210.000000 0.109875 0.542286 0 1 43.987760
1 3097 443198 6633 4318233 969 1331 8329 12 62 34 95 90 87.000000 271.000000 0.121001 0.719219 0 1 17.724008
1 1235 231059 2062 405676 370 2878 374 14 242 216 44 42 369.000000 28.000000 0.513213 0.759478 0 1 65.327645
1 1992 428265 2777 1455064 1291 4379 341 7 233 227 57 39 316.000000 57.000000 0.439499 0.846718 0 1 73.979163
1 1181 320126 1851 340044 324 2666 317 14 206 199 23 35 443.000000 19.000000 0.616134 0.774736 0 1 59.089875
1 1352 281325 2066 561115 637 3041 326 19 233 221 67 41 410.000000 45.000000 0.570236 0.794324 0 1 66.401710
1 1245 246937 1903 349960 359 2798 297 7 211 203 30 30 412.000000 16.000000 0.573018 0.794473 0 1 64.158649
1 1077 208793 1767 315255 209 2483 316 34 207 199 36 31 454.000000 22.000000 0.631433 0.761955 0 1 59.755055
1 1126 221810 1838 331559 270 2576 346 50 209 198 34 34 436.000000 18.000000 0.606398 0.752362 0 1 61.595591
1 1191 286123 1964 373152 306 2667 449 78 217 213 19 37 423.000000 22.000000 0.588317 0.703011 0 1 62.465847
1 1191 238807 1859 331598 423 2681 324 42 225 208 61 39 430.000000 21.000000 0.598053 0.772787 0 1 64.519425
1 1673 950691 2337 394852 1210 3573 387 53 234 229 74 46 371.000000 38.000000 0.515994 0.794514 0 1 66.320533
1 1018 183775 1650 298430 161 2414 214 5 203 201 25 25 451.000000 18.000000 0.627260 0.824588 0 1 58.600341
1 1171 238184 1897 333186 309 2664 359 14 230 206 62 44 422.000000 27.000000 0.588563 0.751304 0 1 65.598909
1 1072 198089 1734 327540 206 2478 291 16 207 201 19 33 446.000000 17.000000 0.622905 0.779401 0 1 60.201891
1 1587 806489 2078 342141 1019 3282 324 21 238 213 88 42 419.000000 15.000000 0.582754 0.807094 0 1 68.559226
1 7496 7416087 6960 1288006 6725 14058 335 18 460 243 507 40 281.000000 80.000000 0.390821 0.949294 0 1 283.370763
1 5445 2993690 6490 1648955 4602 11551 326 10 540 218 739 34 222.000000 118.000000 0.308762 0.940511 0 1 458.648491
1 2150 838105 2884 533153 1254 4679 287 6 263 202 220 31 351.000000 51.000000 0.488178 0.872467 0 1 120.500661
1 2895 1329284 3702 659352 2247 6232 310 14 340 204 349 31 302.000000 64.000000 0.420028 0.897681 0 1 204.909224
1 52693 76605492 47377 3574634 51903 99646 342 20 281 225 170 46 192.000000 249.000000 0.267038 0.992345 0 1 115.866321
1 124215 183628844 123211 9273670 123614 247017 347 15 300 216 252 37 -1.000000 720.000000 -0.001391 0.996945 0 1 134.791223
1 80944 119900145 80165 5851598 80466 160782 257 3 205 203 25 26 -1.000000 720.000000 -0.001391 0.996375 0 1 61.370005
1 103544 153650577 103649 7621556 102652 206651 459 20 235 203 44 47 -1.000000 720.000000 -0.001391 0.995169 0 1 63.823833
1 55827 82116730 55212 3857838 54996 110658 322 6 208 199 15 29 -1.000000 720.000000 -0.001391 0.993669 0 1 60.438044
1 90568 134203337 90620 6759598 89744 180766 345 10 226 204 41 42 -1.000000 720.000000 -0.001391 0.995767 0 1 64.747032
1 67429 100189412 67466 5006635 67162 134639 209 6 141 139 24 26 -1.000000 494.000000 -0.002028 0.996553 0 1 41.862559
1 70752 104560268 71226 5399595 69866 141415 449 27 235 205 42 52 212.000000 300.000000 0.294854 0.992872 0 1 64.051599
1 479 159639 1017 152079 531 1039 415 16 232 13 61 51 335.000000 40.000000 0.465925 0.417112 0 1 65.024829
1 276 44400 783 116127 259 639 381 15 222 6 26 40 336.000000 20.000000 0.474576 0.243626 0 1 62.336921
1 306 52974 860 128282 300 685 434 14 224 17 43 48 376.000000 23.000000 0.523677 0.215266 0 1 63.019218
1 373 75219 906 147190 366 809 431 10 234 13 32 41 369.000000 21.000000 0.513213 0.295543 0 1 65.827312
1 390 106506 929 139129 428 841 436 16 227 16 51 44 342.000000 19.000000 0.475661 0.307051 0 1 64.030022
1 308 48032 883 134075 265 669 479 18 221 10 22 47 344.000000 53.000000 0.478442 0.159530 0 1 62.472490
2 4906 5498769 4908 474365 5535 9725 83 40 530 52 249 63 421.000000 75.000000 0.587169 0.982474 0 2 8889.200133
2 1358 811654 1758 245183 2091 2987 129 62 319 81 258 70 439.000000 68.000000 0.613986 0.917202 0 2 11387.122361
2 484 144555 594 75617 488 1030 48 23 105 15 83 25 564.000000 22.000000 0.806867 0.910946 0 2 12152.758731
2 517 347136 542 61446 693 1029 30 15 77 16 74 27 567.000000 19.000000 0.813486 0.943343 0 2 9959.010455
2 163 19602 202 20933 213 324 41 20 48 10 46 17 633.000000 8.000000 0.904286 0.775342 0 2 9759.391028
2 1246 1209169 1406 153806 2206 2548 98 48 159 50 166 48 596.000000 24.000000 0.828929 0.923831 0 2 8750.452983
2 505 145671 600 100134 679 1036 69 34 83 42 112 39 583.000000 13.000000 0.831669 0.875113 0 2 9308.591261
2 4785 6905188 3146 231669 4569 7847 84 42 94 61 120 38 564.000000 33.000000 0.813853 0.978817 0 2 9599.648947
2 1456 1248086 1597 195186 2480 2878 150 75 136 141 177 55 556.000000 20.000000 0.773296 0.893547 0 2 9161.889326
2 93 10219 115 8857 94 189 19 8 27 6 30 17 604.000000 5.000000 0.932099 0.817308 0 2 7200.247293
2 544 119151 679 119791 798 1123 88 45 123 36 127 36 601.000000 17.000000 0.835883 0.846280 0 2 9678.882027
2 1009 499991 1146 217432 1624 2023 125 60 145 58 220 56 568.000000 21.000000 0.796634 0.880742 0 2 9592.424256
2 682 632534 710 66316 860 1352 40 20 78 25 87 31 604.000000 14.000000 0.855524 0.942529 0 2 9526.382242
2 1090 934561 1175 146650 1566 2190 68 33 110 102 142 41 601.000000 16.000000 0.838215 0.936865 0 2 9177.250015
2 1119 948639 2167 226610 3004 3240 46 23 938 42 199 48 379.000000 249.000000 0.532303 0.972002 0 2 6995.726432
2 793 666022 828 106594 1160 1528 81 40 151 37 113 41 601.000000 19.000000 0.835883 0.892659 0 2 8117.456307
2 3754 1805966 4095 1664863 5257 7382 388 136 337 162 517 92 418.000000 35.000000 0.581363 0.891069 0 2 10014.825326
2 22828 20707648 12606 1109806 964 28045 7122 34 111 36 248 44 391.000000 114.000000 0.555398 0.590478 0 2 9802.873224
2 6212 5893678 5361 3300651 10368 11270 233 83 188 66 258 85 539.000000 24.000000 0.753846 0.953685 0 2 8977.447542
2 9406 8827392 5078 529634 1427 14029 188 118 293 174 308 70 403.000000 87.000000 0.562064 0.955606 0 2 9280.812162
2 39836 39684012 22752 2224544 1400 61697 368 181 595 373 841 74 107.000000 394.000000 0.148818 0.979884 0 2 6405.491900
2 45379 45738659 24254 2115145 3514 69126 326 202 553 997 970 114 148.000000 100.000000 0.206416 0.988037 0 2 8454.480271
2 7967 7744956 6109 967333 5241 13894 182 71 369 180 620 84 256.000000 161.000000 0.356050 0.974140 0 2 8804.314301
2 14393 13099054 9849 1191703 2356 24046 196 64 370 282 522 59 123.000000 133.000000 0.171071 0.983830 0 2 8537.749242
2 1437 596617 1369 203434 634 2700 106 43 137 46 218 36 391.000000 33.000000 0.543811 0.924448 0 2 11195.259141
2 83389 136154003 31687 2242445 112458 114749 303 148 387 247 580 118 253.000000 86.000000 0.352368 0.994525 0 2 9525.386433
2 1499 497761 1777 332342 1845 3135 129 66 244 105 301 66 363.000000 29.000000 0.504868 0.917582 0 2 8139.611689
2 9413 10319336 6241 837048 9869 15290 274 135 417 221 887 122 232.000000 102.000000 0.322670 0.959244 0 2 8379.258964
2 436 97169 533 69497 439 896 73 37 77 12 78 34 533.000000 22.000000 0.750704 0.849329 0 2 8298.081162
2 1329 756789 1571 217843 1931 2815 85 42 186 154 223 59 439.000000 38.000000 0.613128 0.941379 0 2 8885.139639
1 1003 420263 976 131933 869 1682 297 139 66 0 132 10 580.000000 6.000000 0.807799 0.699848 0 1 3572.827605
1 1002 413468 960 130285 866 1675 287 136 67 0 135 6 594.000000 4.000000 0.828452 0.707441 0 1 3165.830008
1 999 413841 963 128476 865 1672 290 133 66 1 131 10 567.000000 6.000000 0.788595 0.704383 0 1 2535.454857
1 1013 418125 1002 133642 877 1709 306 136 69 1 136 9 592.000000 6.000000 0.824513 0.696278 0 1 3293.897937
1 1014 424583 1017 137403 870 1719 312 133 66 1 134 9 567.000000 7.000000 0.789694 0.692762 0 1 6053.737154
1 992 416160 980 128343 860 1688 284 125 67 1 128 10 536.000000 7.000000 0.753868 0.711968 0 1 3823.879751
1 1018 422755 969 131345 880 1697 290 133 68 0 135 7 579.000000 7.000000 0.813202 0.708103 0 1 2643.203753
1 1033 423369 1072 169249 861 1745 360 125 65 0 128 11 536.000000 7.000000 0.750700 0.657957 0 1 6097.187741
1 1002 400211 1061 188654 818 1661 402 139 62 0 124 11 565.000000 7.000000 0.785814 0.610276 0 1 4125.886212
1 902 363328 1040 186199 735 1555 387 128 57 0 110 9 492.000000 18.000000 0.684284 0.601442 0 1 3594.730945
1 2377 904702 3242 2821518 1045 5210 409 130 111 10 168 19 415.000000 26.000000 0.580420 0.854423 0 1 16797.554643
1 1016 407180 1162 209869 827 1756 422 126 62 0 126 10 497.000000 9.000000 0.700000 0.612489 0 1 8256.143319
1 1025 412048 1140 194127 838 1774 391 120 61 3 125 12 480.000000 9.000000 0.674157 0.638799 0 1 3480.953560
1 1018 409133 1118 189737 834 1748 388 124 62 2 126 11 518.000000 11.000000 0.720445 0.636704 0 1 3272.032004
1 1000 389886 1104 191748 815 1722 382 125 63 0 123 8 543.000000 7.000000 0.755216 0.636882 0 1 6477.653947
1 777 310711 944 168346 626 1363 358 124 46 1 91 12 454.000000 11.000000 0.640338 0.583963 0 1 3304.489858
1 805 321293 940 166758 651 1384 360 131 51 0 96 10 482.000000 10.000000 0.676017 0.586819 0 1 3407.000401
1 799 316228 946 174911 630 1354 388 136 48 1 94 10 509.000000 8.000000 0.707928 0.553582 0 1 9274.489211
1 699 278911 858 148844 561 1213 344 125 40 0 85 11 475.000000 8.000000 0.662483 0.558125 0 1 4075.544532
1 802 315996 942 167908 646 1383 361 130 46 1 95 8 477.000000 12.000000 0.670886 0.586009 0 1 2730.964967
1 844 335805 987 176000 677 1438 393 136 57 1 100 12 502.000000 8.000000 0.699164 0.570726 0 1 6680.376462
1 819 324698 982 169957 660 1430 371 133 49 0 98 11 471.000000 10.000000 0.661517 0.588007 0 1 6901.854536
1 847 336662 977 171072 687 1456 368 137 51 0 101 9 518.000000 9.000000 0.720445 0.596491 0 1 3600.114273
1 736 304788 814 110602 630 1250 300 151 50 1 97 11 555.000000 7.000000 0.774059 0.612903 0 1 4119.039683
1 817 339112 824 106096 705 1371 270 142 54 1 110 8 565.000000 6.000000 0.790210 0.670932 0 1 3914.923213
1 794 331795 836 109032 684 1345 285 148 55 0 105 11 560.000000 6.000000 0.781032 0.650307 0 1 3698.696005
1 855 354856 887 118704 738 1455 287 146 56 1 115 10 572.000000 6.000000 0.797768 0.670494 0 1 3164.352825
1 899 376315 892 114273 778 1515 276 141 60 0 123 7 584.000000 6.000000 0.812239 0.691792 0 1 3659.663565
1 770 320435 829 108716 664 1313 286 147 52 1 100 10 563.000000 6.000000 0.785216 0.642276 0 1 2985.327319
1 699 292841 759 97600 606 1198 260 138 51 1 97 7 573.000000 9.000000 0.798050 0.643347 0 1 3270.974630
1 992 415248 1005 136245 861 1690 307 138 66 0 133 10 594.000000 6.000000 0.827298 0.692539 0 1 3404.548015
1 1025 431033 1032 136028 889 1739 318 135 69 0 137 10 578.000000 8.000000 0.814084 0.690812 0 1 3820.297631
1 6308 4680116 6785 1263389 10804 12723 370 166 834 96 878 31 395.000000 92.000000 0.551676 0.943481 0 1 5769.776659
1 14 1880 118 10905 9 91 41 4 77 2 4 12 604.000000 5.000000 0.870317 0.378788 0 1 4269.920989
1 8157 9252732 6660 907792 10422 14238 554 149 429 203 768 54 157.000000 143.000000 0.218359 0.923534 0 2 8143.517862
1 8960 9401223 8959 1148301 14938 17652 267 86 1084 200 1139 41 211.000000 67.000000 0.293463 0.970199 0 2 4654.186371
1 316 62027 972 94277 422 1161 127 12 104 75 473 28 306.000000 37.000000 0.425591 0.802795 0 1 36.336332
1 508 237616 1129 98487 627 1535 102 27 157 76 494 32 293.000000 26.000000 0.407510 0.875382 0 2 4593.736628
1 4463 2428636 5037 901142 5097 8877 623 265 341 274 812 54 195.000000 204.000000 0.271210 0.868842 0 2 5420.974567
1 2226 1777980 2367 385239 2967 4323 255 55 174 126 551 31 264.000000 34.000000 0.367177 0.885696 0 2 82.355040
1 2587 2791467 2407 260975 3031 4830 164 42 169 110 567 27 249.000000 117.000000 0.347765 0.934321 0 1 54.179554
1 3041 4514942 1975 289446 4538 4971 45 4 128 43 414 13 178.000000 45.000000 0.380342 0.982057 0 1 249.070285
1 5167 5064797 4332 604935 8328 9204 295 78 298 86 866 43 196.000000 78.000000 0.272981 0.937888 0 2 2003.261827
1 15444 21019140 8217 1073680 19544 20256 3364 4 473 75 1246 96 220.000000 147.000000 0.305981 0.713917 0 1 476.299689
1 10127 12467473 6563 880170 15902 16547 120 2 404 73 1103 9 232.000000 104.000000 0.324022 0.984242 0 1 404.138329
1 437 148342 1030 125164 694 1372 95 15 102 75 487 14 295.000000 24.000000 0.412011 0.870484 0 2 3958.001645
1 1525 1550715 1655 181615 2363 3121 59 6 131 76 545 14 299.000000 18.000000 0.415855 0.962893 0 1 75.307126
1 4039 5603059 2942 362909 5955 6744 222 37 190 74 660 29 251.000000 58.000000 0.349096 0.934250 0 2 1683.505201
1 13102 22052613 6342 693639 18696 19387 57 6 313 71 908 12 141.000000 245.000000 0.196106 0.994137 0 1 247.186772
1 8994 14380500 5067 628275 13322 13960 101 4 226 66 735 12 128.000000 183.000000 0.178025 0.985634 0 1 174.263281
1 1320 889361 1928 251106 2003 3165 83 29 214 71 515 23 136.000000 124.000000 0.189152 0.948892 0 2 5970.564429
1 831 156031 1705 237010 1449 2446 90 30 222 82 515 27 151.000000 75.000000 0.210014 0.929022 0 2 9795.247230
1 1007 314270 1697 243334 1653 2506 198 47 149 82 575 45 195.000000 41.000000 0.271210 0.853550 0 2 4182.586202
1 156 12473 232 29244 182 276 33 0 10 7 133 10 628.000000 52.000000 0.873435 0.626289 0 1 3.961065
1 47 7261 61 5399 43 63 16 3 1 0 29 6 681.000000 3.000000 0.967330 0.435185 0 1 0.054324
1 30 7731 47 5244 30 59 18 4 5 2 6 6 666.000000 3.000000 0.975110 0.532468 0 1 786.000430
1 2 152 10 1168 0 0 12 0 0 0 0 2 686.000000 1.000000 0.985632 1.000000 0 0 0.000000
1 2986 1420255 3706 666900 3942 6197 495 206 322 157 711 113 216.000000 129.000000 0.300417 0.852062 0 2 9291.617121
1 3875 3071862 3765 538330 4730 7144 458 176 308 142 733 55 218.000000 56.000000 0.303199 0.875131 0 2 9484.722701
1 1743 439597 2596 351576 1764 4130 209 88 379 242 651 35 247.000000 69.000000 0.343533 0.903664 0 2 6626.766864
1 1821 1103066 2588 308172 1832 4124 268 118 366 129 659 47 270.000000 114.000000 0.376045 0.874575 0 2 9135.920797
1 1607 1037573 2244 302784 2430 3539 306 106 248 97 637 61 278.000000 56.000000 0.387727 0.839522 0 1 9120.900991
1 16282 14350770 14227 2938771 22124 27125 3345 427 986 461 1663 205 134.000000 189.000000 0.186370 0.779442 0 2 11455.062856
1 1359 352653 2079 1008755 1755 2602 557 10 135 85 601 34 237.000000 57.000000 0.329624 0.594823 0 1 2015.572337
1 740 389114 1287 179327 896 1547 344 9 183 64 485 23 267.000000 79.000000 0.372905 0.593488 0 1 39.675781
1 236 26858 621 47033 219 717 134 2 64 60 358 12 351.000000 18.000000 0.535878 0.680280 0 1 23.409686
1 104 4784 115 8324 104 104 12 0 0 0 104 5 637.000000 4.000000 0.935389 0.420091 0 0 0.000000
1 0 0 9 1141 0 0 9 0 0 0 0 1 672.000000 1.000000 0.986784 1.000000 0 0 0.000000
1 3 488 13 1387 0 0 16 3 0 0 0 4 676.000000 3.000000 0.985423 1.000000 0 0 0.000000
1 0 0 9 1067 0 0 9 0 0 0 0 1 659.000000 1.000000 0.986527 1.000000 0 0 0.000000
1 0 0 8 1016 0 0 8 0 0 0 0 1 674.000000 1.000000 0.988270 1.000000 0 0 0.000000
1 1 76 10 1154 0 0 11 0 0 0 0 2 670.000000 1.000000 0.985294 1.000000 0 0 0.000000
1 3306 2699415 2968 502440 687 6198 71 4 290 44 711 17 357.000000 88.000000 0.535232 0.976570 0 1 301.182801
1 4841 7171018 3383 373000 4438 8116 102 8 85 44 179 24 520.000000 26.000000 0.723227 0.974465 0 1 67.569987
1 5023 6397587 3163 298629 956 8087 94 6 100 47 313 23 426.000000 52.000000 0.600000 0.976423 0 1 61.987046
1 2682 3432568 1764 165903 631 4376 65 3 57 34 202 17 500.000000 16.000000 0.697350 0.969636 0 1 33.409774
1 3311 258358 3256 7196352 3678 6490 77 6 69 30 205 14 486.000000 23.000000 0.676880 0.976549 0 1 35.423841
1 562 125502 901 271142 1232 1385 73 1 105 50 177 13 442.000000 18.000000 0.614743 0.896787 0 1 37.130139
1 537 108882 838 210260 1144 1246 124 5 106 82 179 21 472.000000 16.000000 0.659218 0.816000 0 1 33.851219
1 10108 597345 8910 16350888 10424 18934 79 3 186 182 138 19 360.000000 121.000000 0.500695 0.991429 0 1 65.392158
1 4768 366792 4671 8154269 5111 9358 76 5 195 166 209 21 406.000000 59.000000 0.569425 0.983367 0 1 69.341561
1 1357 655487 1254 213679 1341 2519 87 19 295 265 206 22 533.000000 30.000000 0.742340 0.931444 0 1 107.786417
1 409 204415 817 103546 865 1125 101 14 104 57 184 28 482.000000 13.000000 0.678873 0.835237 0 1 17.260274
1 577 265907 841 136445 1127 1254 159 24 113 63 190 46 489.000000 18.000000 0.687764 0.772214 0 1 25.870037
1 283 56422 513 105996 639 699 92 10 69 29 135 20 542.000000 13.000000 0.753825 0.762563 0 1 10.817324
1 823 804108 950 125363 1574 1657 111 15 94 38 167 35 529.000000 18.000000 0.735744 0.871968 0 1 16.616708
1 656 276737 901 161723 1094 1432 120 20 165 105 166 31 501.000000 27.000000 0.696801 0.842646 0 1 37.806231
1 1158 722515 1079 133811 235 2117 120 15 217 163 145 21 501.000000 29.000000 0.696801 0.892713 0 1 107.492383
1 862 397293 936 172496 385 1684 109 12 154 22 264 27 470.000000 20.000000 0.657343 0.875973 0 1 137.169310
1 492 246398 634 107261 505 1067 54 4 61 21 176 18 539.000000 27.000000 0.760226 0.899645 0 1 32.493077
1 2984 4136106 2173 151103 486 5096 56 6 54 34 213 20 503.000000 40.000000 0.699583 0.977312 0 1 28.602689
1 144 36886 246 32025 238 347 38 2 20 9 85 14 610.000000 13.000000 0.868946 0.792308 0 1 8.443192
1 109 21976 193 23863 180 264 38 5 15 7 72 10 628.000000 8.000000 0.873435 0.748344 0 1 6.458070
1 353 89236 501 99190 622 755 94 11 48 32 100 27 570.000000 17.000000 0.796089 0.774005 0 1 14.615678
1 133 21482 265 35851 276 345 48 3 19 17 102 14 587.000000 10.000000 0.850725 0.746231 0 1 7.604125
1 1748 1170482 2378 403867 289 4074 47 0 286 58 616 14 296.000000 237.000000 0.412256 0.976006 0 1 161.276579
1 806 396789 821 167952 314 1570 52 3 66 60 199 13 536.000000 13.000000 0.770115 0.933006 0 1 65.099577
1 255 42723 420 73727 517 615 60 2 58 54 126 10 568.000000 15.000000 0.791086 0.822222 0 1 20.360397
1 2245 1783334 2377 314911 2576 4406 211 48 321 232 381 64 389.000000 20.000000 0.541029 0.907616 0 1 100.122851
1 4455 285711 2174 6124929 4742 6521 103 12 178 27 117 35 447.000000 17.000000 0.645954 0.968170 0 1 26.147483
1 958 779083 1096 351518 1768 1947 102 14 134 54 239 37 485.000000 18.000000 0.676430 0.898247 0 1 21.234543
1 138 24211 289 40255 298 362 59 9 57 18 71 23 591.000000 11.000000 0.824268 0.709602 0 1 10.372146
1 563 57581 1843 114513 206 1775 591 5 764 262 468 276 77.000000 391.000000 0.107093 0.492103 0 1 89.354972
1 3773 6169625 4510 276783 5780 7455 788 32 852 324 560 304 53.000000 365.000000 0.073713 0.804902 0 1 103.550359
1 583 56013 1910 121216 166 1783 675 1 803 263 465 286 59.000000 472.000000 0.082058 0.444444 0 1 92.349478
1 531 61409 1542 107605 279 1567 493 8 540 216 495 184 160.000000 397.000000 0.223152 0.518090 0 1 62.960512
1 136 16144 771 42610 133 795 97 8 75 74 446 14 311.000000 28.000000 0.434965 0.769570 0 1 21.604304
1 151 17414 791 44854 172 848 84 2 77 74 460 15 324.000000 28.000000 0.452514 0.811040 0 1 22.226111
1 337 67526 1020 77695 539 1207 140 36 136 86 509 36 291.000000 37.000000 0.404729 0.786293 0 1 34.967718
1 260 212118 873 49091 403 1065 68 7 94 95 464 20 320.000000 24.000000 0.445063 0.879965 0 1 25.998302
1 134 18079 762 41595 146 804 82 2 74 75 446 12 320.000000 18.000000 0.445063 0.805804 0 1 21.360009
1 199 54815 829 50184 261 920 98 10 82 80 459 19 317.000000 27.000000 0.442120 0.799611 0 1 23.943373
1 167 19446 787 45984 144 808 136 3 77 76 448 17 320.000000 19.000000 0.446304 0.704403 0 1 21.533446
1 258 64440 910 62128 386 1041 116 19 93 85 499 27 301.000000 36.000000 0.419805 0.791952 0 1 25.364030
1 123 13038 734 39884 139 793 64 1 77 76 439 10 320.000000 18.000000 0.445063 0.850642 0 1 21.403567
1 182 32995 789 48362 202 869 92 8 80 78 446 18 312.000000 18.000000 0.435146 0.800206 0 1 23.481079
1 165 20843 780 45129 191 848 87 7 83 80 438 17 319.000000 18.000000 0.446154 0.805291 0 1 23.311886
1 156 23824 768 43608 143 809 105 6 76 75 437 17 313.000000 28.000000 0.437151 0.761905 0 1 22.169534
1 1080 1493801 1490 109434 1839 2445 125 39 121 73 484 34 274.000000 28.000000 0.433544 0.902724 0 1 35.117646
1 2674 5264406 2819 144529 4732 5400 83 3 85 89 476 22 308.000000 29.000000 0.428373 0.967959 0 1 22.698280
1 149 20721 779 43112 174 832 85 3 76 76 453 13 309.000000 30.000000 0.429764 0.804957 0 1 21.915203
1 2060 2673005 2628 155248 1750 3598 1039 26 397 190 527 144 203.000000 281.000000 0.282337 0.545862 0 1 55.124728
1 563 48285 1989 116818 175 1802 695 9 805 282 461 303 42.000000 444.000000 0.058414 0.433777 0 1 93.405413
1 1938 1748433 2064 168545 915 2368 1632 29 569 249 539 211 152.000000 117.000000 0.212290 0.183908 0 1 72.915471
1 148 17467 777 44246 171 829 86 2 77 76 451 14 320.000000 19.000000 0.446927 0.803243 0 1 22.226111
1 2836 5265391 2930 167675 4939 5634 122 25 108 86 498 26 301.000000 28.000000 0.420391 0.955949 0 1 31.286064
1 149 20202 782 42593 169 842 74 2 75 85 456 19 325.000000 18.000000 0.453911 0.824919 0 1 21.954239
1 151 19182 780 45057 169 827 94 8 78 73 447 16 325.000000 18.000000 0.452017 0.787325 0 1 22.600004
1 262 50512 884 62592 369 1017 129 20 100 86 469 30 314.000000 26.000000 0.438547 0.774869 0 1 28.215986
1 144 17413 764 41766 161 822 76 2 75 75 449 13 330.000000 15.000000 0.458971 0.821586 0 1 21.648710
1 155 21669 797 45559 153 824 118 4 86 75 434 19 321.000000 48.000000 0.446453 0.741597 0 1 23.456624
1 129 15112 742 40977 129 776 85 2 76 70 435 12 332.000000 24.000000 0.463687 0.793341 0 1 21.666970
1 60 6570 53 28028 0 105 8 0 0 0 0 3 677.000000 1.000000 0.967143 0.858407 0 0 0.000000
1 53 5740 47 24496 0 92 8 0 0 1 0 3 633.000000 1.000000 0.967890 0.840000 0 0 0.000000
1 0 0 10 1871 0 0 10 0 0 0 0 2 663.000000 1.000000 0.985141 1.000000 0 0 0.000000
1 0 0 9 1725 0 0 9 0 0 0 0 2 674.000000 1.000000 0.986823 1.000000 0 0 0.000000
1 0 0 9 1725 0 0 9 0 0 0 0 2 667.000000 1.000000 0.986686 1.000000 0 0 0.000000
1 0 0 9 1725 0 0 9 0 0 0 0 2 689.000000 1.000000 0.987106 1.000000 0 0 0.000000
1 0 0 10 1966 0 0 10 0 0 0 0 2 683.000000 1.000000 0.985570 1.000000 0 0 0.000000
1 0 0 9 1725 0 0 9 0 0 0 0 2 671.000000 1.000000 0.986765 1.000000 0 0 0.000000
1 0 0 9 1725 0 0 9 0 0 0 0 2 672.000000 1.000000 0.986784 1.000000 0 0 0.000000
1 0 0 9 1725 0 0 9 0 0 0 0 2 671.000000 1.000000 0.986765 1.000000 0 0 0.000000
1 0 0 10 1990 0 0 10 0 0 0 0 2 672.000000 1.000000 0.985337 1.000000 0 0 0.000000
1 0 0 10 1817 0 0 10 0 0 0 0 2 686.000000 1.000000 0.985632 1.000000 0 0 0.000000
1 0 0 9 1725 0 0 9 0 0 0 0 2 673.000000 1.000000 0.986804 1.000000 0 0 0.000000
1 42 4492 41 19497 0 74 9 0 1 0 0 3 664.000000 1.000000 0.972182 0.783132 0 1 0.005000
1 59 6399 53 28028 0 104 8 0 0 0 0 3 678.000000 3.000000 0.967190 0.857143 0 0 0.000000
1 60 6570 74 34750 0 105 29 0 0 0 0 4 658.000000 8.000000 0.938659 0.567164 0 0 0.000000
1 62 6563 60 29065 0 111 11 0 1 0 2 4 669.000000 3.000000 0.954351 0.819672 0 1 0.005000
1 64 6737 60 30246 0 114 10 0 1 0 2 5 678.000000 2.000000 0.942976 0.838710 0 1 0.005000
1 56 6132 50 26262 0 98 8 0 0 0 0 3 618.000000 2.000000 0.944954 0.849057 0 0 0.000000
1 59 6399 53 28082 0 104 8 0 0 0 0 3 667.000000 3.000000 0.951498 0.857143 0 0 0.000000
1 63 6734 60 28970 0 112 11 0 1 0 2 4 674.000000 2.000000 0.962857 0.821138 0 1 0.005000
1 59 6399 54 28215 0 104 9 0 0 0 0 3 676.000000 3.000000 0.965714 0.840708 0 0 0.000000
1 59 6399 54 28215 0 104 9 0 0 0 0 3 692.000000 1.000000 0.966480 0.840708 0 0 0.000000
1 62 6563 57 28215 0 111 8 0 1 0 2 3 677.000000 3.000000 0.967143 0.865546 0 1 0.005000
1 60 6570 54 28269 0 105 9 0 0 0 0 3 676.000000 1.000000 0.965714 0.842105 0 0 0.000000
1 59 6399 57 28970 0 104 12 0 0 0 0 4 676.000000 2.000000 0.961593 0.793103 0 0 0.000000
1 62 6563 57 28215 0 111 8 0 1 0 2 3 678.000000 3.000000 0.968571 0.865546 0 1 0.005000
1 60 6570 53 28028 0 105 8 0 0 0 0 3 677.000000 1.000000 0.967143 0.858407 0 0 0.000000
1 28 2941 31 14298 0 49 10 0 0 1 0 3 674.000000 1.000000 0.976812 0.661017 0 0 0.000000
1 0 0 9 1779 0 0 9 0 0 0 0 2 670.000000 1.000000 0.986745 1.000000 0 0 0.000000
1 0 0 12 2480 0 0 12 0 0 0 0 3 705.000000 1.000000 0.983264 1.000000 0 0 0.000000
1 0 0 9 1725 0 0 9 0 0 0 0 2 672.000000 1.000000 0.986784 1.000000 0 0 0.000000
1 61201 85342863 41490 4072679 90572 94680 7928 348 1784 267 1097 459 5.000000 719.000000 0.006964 0.844787 0 1 272.159509
1 11896 15232357 9805 1327490 15432 16315 5380 63 560 31 175 314 13.000000 720.000000 0.018081 0.503894 0 1 69.798082
1 11308 15205951 10916 1825063 14805 15416 6808 45 533 39 153 317 7.000000 720.000000 0.009736 0.387329 0 1 61.293236
1 1432 134071 2654 624682 454 632 3432 26 154 17 63 308 315.000000 387.000000 0.454545 0.685267 0 1 20.324942
1 3768 1146844 5449 951357 2099 3285 5788 164 341 74 337 351 115.000000 299.000000 0.159944 0.271563 0 1 76.507570
1 8462 6854857 10202 1496384 9496 14870 3794 175 1104 354 648 324 58.000000 447.000000 0.080668 0.593442 0 1 176.209679
1 30644 45356979 30837 4438416 48249 51471 9977 316 1520 54 323 371 -1.000000 630.000000 -0.001590 0.674908 0 1 180.802433
1 154355 235748316 104209 5958067 251306 254304 4260 449 1217 104 405 347 0.000000 720.000000 0.000000 0.967049 0 1 149.784861
1 53266 79696858 46234 4267768 88092 93500 6000 621 1657 524 1357 425 4.000000 720.000000 0.005563 0.879397 0 1 269.086633
1 5969 5647968 8134 1077553 7404 10949 3154 227 1095 216 417 356 21.000000 720.000000 0.029207 0.552719 0 1 142.994377
1 1842 435008 5819 1467067 1221 2778 4876 138 1205 94 221 379 2.000000 720.000000 0.002782 0.273855 0 1 132.286596
1 2180 180108 5420 1925004 317 1368 6232 56 899 20 83 316 4.000000 720.000000 0.005563 0.640000 0 1 91.784034
1 6196 3475638 8955 2257656 7108 9657 5494 209 1055 215 623 351 3.000000 720.000000 0.004172 0.274767 0 1 152.087260
1 3850 2081736 6388 1926864 2520 3436 6801 67 761 73 130 317 10.000000 720.000000 0.013908 0.328677 0 1 6146.298666
1 5027 3983071 7618 1975565 4120 6823 5821 140 882 56 329 342 8.000000 720.000000 0.011127 0.079241 0 1 119.311774
1 4563 4321779 7434 961052 5432 7152 4843 140 1004 110 352 328 5.000000 720.000000 0.006954 0.192465 0 1 115.740484
1 4341 1942345 7252 1500029 3175 6671 4901 95 936 243 481 341 1.000000 720.000000 0.001391 0.152678 0 1 140.278704
1 3865 2136494 6750 1244527 4123 6696 3919 147 1113 213 575 359 6.000000 720.000000 0.008345 0.261611 0 1 146.605818
1 6247 1058851 9231 5160676 1827 3854 11618 92 874 125 317 361 7.000000 686.000000 0.010219 0.501615 0 1 115.925094
1 4207 308050 6976 3568795 313 1228 9890 52 755 14 59 317 3.000000 720.000000 0.004172 0.774569 0 1 77.611599
1 6451 630925 9323 5344972 697 1580 14009 44 834 16 96 329 -1.000000 720.000000 -0.001391 0.787942 0 1 90.775594
1 2 212 2 242 0 0 4 0 0 0 0 1 598.000000 1.000000 0.996667 1.000000 0 0 0.000000
1 33 10293 20 17547 0 51 2 0 2 0 4 3 441.000000 2.000000 0.986577 0.924528 0 1 0.001955
1 73 12675 59 46279 0 122 10 0 9 0 18 2 592.000000 4.000000 0.986667 0.848485 0 1 0.496904
1 33 10293 21 18246 0 51 3 0 2 0 4 4 440.000000 2.000000 0.984340 0.888889 0 1 0.001955
1 14 3261 12 9644 0 22 4 0 1 0 2 2 596.000000 1.000000 0.993333 0.692308 0 1 0.003910
1 19 4823 14 10206 0 29 4 0 2 0 4 2 441.000000 2.000000 0.986577 0.757576 0 1 0.500004
1 46 8069 42 32815 0 78 10 0 6 0 12 2 592.000000 3.000000 0.986667 0.772727 0 1 0.471405
1 20 4977 16 11095 0 27 9 0 2 1 3 4 524.000000 3.000000 0.981273 0.500000 0 1 0.500004
1 15 3487 20 14252 0 18 17 0 1 0 0 4 688.000000 5.000000 0.982857 0.028571 0 1 0.003910
1 18 4089 16 7406 0 22 12 0 1 0 4 4 448.000000 2.000000 0.973913 0.294118 0 1 0.003910
1 2 212 3 947 0 0 5 0 0 0 0 2 597.000000 1.000000 0.995000 1.000000 0 0 0.000000
1 30 7820 27 21119 0 50 7 0 3 0 6 4 592.000000 3.000000 0.983389 0.754386 0 1 0.471406
1 2 212 2 242 0 0 4 0 0 0 0 1 598.000000 1.000000 0.996667 1.000000 0 0 0.000000
1 24 6676 19 14345 0 39 4 0 2 0 4 4 494.000000 2.000000 0.986028 0.813953 0 1 0.001955
1 2 212 2 242 0 0 4 0 0 0 0 1 598.000000 1.000000 0.996667 1.000000 0 0 0.000000
1 49 10556 43 32140 0 80 12 0 6 0 12 4 514.000000 4.000000 0.973485 0.739130 0 1 0.500000
1 6 636 6 726 0 0 12 0 0 0 0 2 646.000000 1.000000 0.990798 1.000000 0 0 0.000000
1 27 7060 19 13925 0 36 10 0 2 0 2 4 677.000000 2.000000 0.986880 0.565217 0 1 0.001955
1 13 1712 15 7463 0 16 12 0 1 0 4 5 403.000000 3.000000 0.978155 0.142857 0 1 0.003911
1 1028 1528413 251 65421 13 1258 16 0 17 0 22 6 620.000000 4.000000 0.953846 0.971071 0 1 20328.035495
1 4913 3343371 5521 1376602 4707 9008 1398 243 199 197 253 50 191.000000 495.000000 0.265647 0.729346 0 1 10508.312150
1 6296 6679169 5838 1097616 6004 11312 809 297 234 406 309 72 354.000000 152.000000 0.495105 0.865584 0 1 3015.740354
1 126 8764 201 188911 37 38 289 0 0 0 1 12 600.000000 13.000000 0.911854 0.767584 0 0 0.000000
1 321 169393 415 48964 215 543 176 46 26 21 16 30 618.000000 64.000000 0.872881 0.498641 0 1 8915.057853
1 24 2554 25 4318 23 27 22 0 0 0 0 5 668.000000 2.000000 0.975182 0.102041 0 0 0.000000
1 3809 3551446 2998 258404 4893 5362 1398 180 114 74 138 132 522.000000 43.000000 0.726008 0.582342 0 1 4330.133135
1 686 341577 953 479949 866 1087 552 43 68 58 70 50 504.000000 28.000000 0.700974 0.326419 0 1 19.155663
1 116 32274 175 29304 125 208 83 4 8 10 8 19 574.000000 11.000000 0.867069 0.429553 0 1 1.984324
1 743 595200 762 108870 1120 1333 155 46 69 49 94 33 632.000000 52.000000 0.882682 0.782724 0 1 7821.596726
1 2447 2357003 2165 321429 3104 4389 223 130 142 198 170 56 471.000000 36.000000 0.665254 0.903296 0 1 39.737045
1 318 81054 387 93139 394 636 67 23 33 19 70 27 590.000000 10.000000 0.830986 0.807092 0 1 14193.377415
1 300 86377 352 70306 399 591 59 20 31 15 63 25 587.000000 13.000000 0.827927 0.815951 0 1 14605.515823
1 274 45219 323 50439 370 549 46 13 30 18 89 25 600.000000 8.000000 0.843882 0.842546 0 1 16803.388377
1 465 111813 544 100159 622 888 119 39 60 15 111 45 586.000000 8.000000 0.815021 0.762141 0 1 10781.570542
1 332 101672 374 70251 420 642 62 20 35 17 85 30 610.000000 13.000000 0.854342 0.821530 0 1 13859.661174
1 257 60036 290 52748 316 487 58 18 25 12 53 25 618.000000 5.000000 0.881598 0.784278 0 1 16099.364039
1 319 83376 346 57720 421 604 59 20 35 16 63 30 624.000000 9.000000 0.880113 0.819549 0 1 13877.052903
1 251 60367 287 47460 350 496 40 10 23 15 63 21 634.000000 5.000000 0.881780 0.847584 0 1 16703.504112
1 467 133215 541 100840 584 876 130 34 49 21 88 45 591.000000 8.000000 0.826573 0.740079 0 1 11899.561848
1 338 110054 419 66576 472 688 67 21 33 17 93 30 593.000000 7.000000 0.830532 0.820343 0 1 14279.841902