2 178122 241050237 121403 12471108 255682 295236 4038 1278 2140 1143 2472 526 -1.000000 720.000000 -0.001391 0.972199 0 3 10450.096265
2 150107 180842188 121416 11910983 182706 264867 5729 2098 5464 3694 5505 810 -1.000000 720.000000 -0.001391 0.954387 0 3 12054.407519
2 83635 93139894 74172 9134615 98022 150529 6388 1962 4190 2608 4212 769 -1.000000 720.000000 -0.001391 0.913401 0 5 17001.281763
2 112336 131878830 80670 12497282 133482 183594 8611 1495 4188 1790 3764 795 -1.000000 720.000000 -0.001391 0.906619 0 4 14764.268321
2 162892 205782580 128619 15626962 240274 282763 8312 1846 4965 2482 4271 880 -1.000000 720.000000 -0.001391 0.941477 0 4 17615.452143
2 63623 72048489 59138 8224984 87607 116344 5895 1647 3406 857 3293 783 -1.000000 535.000000 -0.001873 0.899708 0 5 15442.393893
2 74592 85693809 72153 7887479 97124 137317 8655 1682 4456 1352 3388 985 -1.000000 720.000000 -0.001391 0.876773 0 4 12670.428654
2 66509 68435379 65977 8367667 82797 122851 8937 2021 6806 2165 3431 1626 -1.000000 720.000000 -0.001391 0.859819 0 4 12912.990703
2 58606 51772776 60737 8041627 75507 109385 9385 2391 8747 1878 3792 1850 -1.000000 720.000000 -0.001391 0.837921 0 5 16912.149538
2 62058 60984214 65438 7356403 79831 117948 8822 1988 10940 2150 3645 2310 -1.000000 720.000000 -0.001391 0.855917 0 4 16045.033930
2 50277 42689809 57528 8112774 56302 98249 8164 1876 9592 2316 3942 2204 -1.000000 720.000000 -0.001391 0.835629 0 4 15568.105168
2 36128 21390155 47253 7408360 38072 76015 6873 1429 11026 2218 4270 1947 -1.000000 720.000000 -0.001391 0.829230 0 4 13705.924830
2 98623 119656074 1154393 1136548646 133849 172437 1079594 1314 7717 1941 2997 1517 -1.000000 720.000000 -0.001391 0.723979 0 4 18709.836113
2 42438 36166769 870716 875731743 35189 77055 834286 1134 5139 1503 2207 1010 -1.000000 720.000000 -0.001391 0.829248 0 5 18713.844924
2 11871 5260095 16300 3540500 10879 21429 5905 1105 2041 613 1889 599 -1.000000 720.000000 -0.001391 0.551063 0 4 19082.528064
2 24343 20777555 27035 4300957 22289 41688 9335 998 2458 992 2151 585 -1.000000 720.000000 -0.001391 0.629705 0 4 19175.763346
2 21938 21803474 22960 3540046 20544 37906 6582 815 2272 762 1776 537 -1.000000 720.000000 -0.001391 0.697670 0 4 18947.449045
2 18966 16870654 22316 3995453 17962 34225 6623 1075 2379 355 1519 583 -1.000000 720.000000 -0.001391 0.668621 0 4 20197.557920
2 49791 58971253 46126 6443116 56766 88526 6783 1141 2423 677 2333 630 -1.000000 720.000000 -0.001391 0.852226 0 5 19341.560734
2 89464 114563878 68322 7404734 119391 147975 9203 1128 2168 617 1864 556 -1.000000 720.000000 -0.001391 0.879495 0 5 19044.161103
2 18674 12884362 20743 4097163 20396 32841 6110 1385 2296 622 2365 580 -1.000000 720.000000 -0.001391 0.678159 0 4 17236.524529
2 31540 25264212 32930 5527095 37062 56725 7300 1375 3526 1088 3922 667 -1.000000 720.000000 -0.001391 0.766636 0 4 17197.206324
2 240381 338145876 201706 16350622 413924 434320 6379 1406 3177 848 3759 709 -1.000000 720.000000 -0.001391 0.968002 0 4 17664.983922
2 211479 297282153 137402 9994843 310943 340216 7875 1383 2851 622 3323 655 -1.000000 720.000000 -0.001391 0.952591 0 4 16381.350302
2 87787 111192454 63383 6547912 122327 139953 9316 1783 2855 691 3055 1027 -1.000000 720.000000 -0.001391 0.864173 0 4 16157.232643
2 14593 11606360 17255 2609883 14472 24478 6853 1238 2179 371 1627 575 -1.000000 720.000000 -0.001391 0.553410 0 4 16324.234982
2 26785 24152027 29797 4871416 27013 48089 8200 1288 3777 611 1963 849 -1.000000 720.000000 -0.001391 0.704977 0 4 15444.486563
2 86639 110920429 70917 8266363 132891 150622 6462 1265 2724 802 2990 676 -1.000000 720.000000 -0.001391 0.914976 0 4 16308.204491
2 42654 44138789 35779 6847111 48356 71260 6973 1567 3274 1259 3275 730 -1.000000 720.000000 -0.001391 0.819642 0 4 16166.766077
2 52252 57735763 52915 7903252 65749 95620 9130 1992 3562 1521 3521 863 -1.000000 720.000000 -0.001391 0.822406 0 4 15563.938754
2 48018 49303863 47492 7493286 62785 86023 9066 1763 2910 1105 3174 822 -1.000000 720.000000 -0.001391 0.805748 0 5 16663.871631
2 40077 35400789 40777 9751111 50090 71783 8564 1539 3028 1461 3607 799 -1.000000 720.000000 -0.001391 0.781891 0 4 16841.055407
2 53911 53911259 51471 9058695 65151 97233 7724 1573 2955 1551 3557 880 -1.000000 720.000000 -0.001391 0.849377 0 4 18842.492889
2 33470 28105101 34310 5974527 34640 59205 8128 1515 2564 1165 3387 824 -1.000000 720.000000 -0.001391 0.753570 0 4 15867.299464
2 81642 99821000 61209 6909600 91214 133219 9095 1521 2651 1253 2908 894 -1.000000 720.000000 -0.001391 0.868905 0 4 16831.958507
2 194240 279991137 133794 10688373 289473 320362 6946 1571 2709 1184 3228 935 -1.000000 720.000000 -0.001391 0.955438 0 4 17489.071412
2 80578 95473012 63962 8676180 86570 135697 7648 1401 2646 1295 3435 1002 -1.000000 720.000000 -0.001391 0.885907 0 4 15623.653194
2 78289 96454110 58118 7599404 75574 124590 10201 1345 2780 1647 3092 926 -1.000000 720.000000 -0.001391 0.838586 0 4 13844.652013
2 70116 91595512 50319 6187752 72676 110403 8829 1120 1677 428 1989 609 -1.000000 720.000000 -0.001391 0.843393 0 4 15649.142655
2 39657 47306291 30996 5220104 37114 62254 7806 915 1410 347 1623 525 0.000000 720.000000 0.000000 0.770640 0 4 14726.574976
2 21379 17347165 21697 4155455 16539 30186 11999 1035 2000 900 1612 602 -1.000000 720.000000 -0.001391 0.422207 0 4 16809.102987
2 26231 29359393 20348 4273923 31248 36089 10005 806 1238 210 1028 473 -1.000000 720.000000 -0.001391 0.559995 0 4 16232.134289
2 35389 42280300 25477 3993386 42785 48448 12022 959 1216 229 936 469 -1.000000 720.000000 -0.001391 0.598462 0 4 15348.028578
2 26617 23672133 23595 4131853 24807 37174 11426 1083 1434 303 1454 551 -1.000000 720.000000 -0.001391 0.512786 0 4 16120.270709
2 13914 9723600 13635 1938619 9218 15198 9692 839 1049 172 868 462 -1.000000 720.000000 -0.001391 0.199862 0 4 15040.895655
2 27333 29210742 21474 2656657 29369 38601 8250 763 1674 412 1389 520 -1.000000 720.000000 -0.001391 0.621858 0 4 18041.667141
2 29986 32832863 22818 2723079 28705 41098 9792 811 1332 263 1208 520 -1.000000 720.000000 -0.001391 0.592872 0 4 17379.550882
2 27007 29566287 21366 2323883 30007 42621 4743 871 1881 1042 1380 422 0.000000 720.000000 0.000000 0.783040 0 4 14272.629104
2 16096 19299167 13041 1358438 20161 26327 2702 809 1251 228 1126 192 3.000000 720.000000 0.004172 0.810825 0 4 14168.510963
2 15019 13227897 14829 2151498 13320 26602 3187 1055 1819 826 1646 200 3.000000 720.000000 0.004172 0.784475 0 4 14917.762704
2 10585 9532216 10590 1404926 10646 17900 3018 978 1406 211 1167 239 2.000000 720.000000 0.002782 0.702810 0 5 16686.070401
2 27968 33274495 23348 2161876 33230 47865 3355 991 1864 799 1635 284 0.000000 720.000000 0.000000 0.867371 0 5 18622.452457
2 131532 175125701 91508 7872578 142891 219082 3922 1241 2506 815 3371 364 -1.000000 720.000000 -0.001391 0.964670 0 4 20684.268725
2 74993 104232127 49716 6112161 79463 121172 3427 969 1850 711 2650 325 -1.000000 720.000000 -0.001391 0.944158 0 4 21448.449224
2 11372 7236713 12865 2307157 11598 20658 3484 1099 1655 498 1922 295 2.000000 720.000000 0.002782 0.708586 0 4 18019.848378
2 27152 29130303 23973 2954640 31599 47517 3499 1132 1628 435 1591 292 10.000000 720.000000 0.013908 0.860988 0 4 13344.094663
2 24736 30764117 17863 1667180 34979 39246 3042 902 1142 299 855 206 9.000000 720.000000 0.012517 0.849879 0 5 11639.716968
2 18751 25025595 11850 854074 21250 28043 2412 746 957 94 285 164 30.000000 720.000000 0.041725 0.837587 0 4 8857.077035
2 36456 53038155 27877 1716660 59812 61770 2458 841 867 54 234 143 15.000000 720.000000 0.020862 0.921953 0 4 8601.550550
2 19103 24572331 16096 1392914 28309 33012 2138 701 914 149 501 152 23.000000 720.000000 0.031989 0.877127 0 4 10686.764117
2 57607 47529175 46213 5165416 72617 97256 6147 834 4366 1058 3719 916 -1.000000 720.000000 -0.001391 0.877567 0 3 18301.127395
2 80922 74993308 63822 6411405 102899 137357 7034 971 5390 1265 4075 859 -1.000000 720.000000 -0.001391 0.900369 0 3 16047.395167
2 374677 433041895 239388 16097913 409911 604316 9569 951 5619 930 3707 901 -1.000000 720.000000 -0.001391 0.968541 0 3 13561.448505
2 318387 370642440 184996 10715718 362910 489118 14038 584 4420 657 2581 767 -1.000000 720.000000 -0.001391 0.943774 0 3 11589.116721
2 265434 318513619 149034 8848495 279269 409310 4920 432 3373 468 1827 553 -1.000000 720.000000 -0.001391 0.975684 0 3 9991.564760
2 174694 193294432 121463 11215520 182851 289782 5790 670 3545 711 2192 640 -1.000000 720.000000 -0.001391 0.958924 0 3 8571.474831
2 254085 251888860 156095 11498953 276487 360933 47694 1054 5432 1236 3778 1152 -1.000000 720.000000 -0.001391 0.763662 0 4 6570.760032
2 307551 249254203 145158 14262395 220287 310787 140792 952 5419 1503 5634 1059 -1.000000 720.000000 -0.001391 0.375506 0 4 872.001074
2 303093 266182119 154060 13574833 237922 362845 93410 1005 5979 1500 4240 1106 -1.000000 720.000000 -0.001391 0.589376 0 3 3012.870381
2 259773 285273923 163718 12430171 253901 377696 45335 644 4516 1041 2983 920 -1.000000 720.000000 -0.001391 0.784812 0 3 5202.449622
2 145268 151404732 100995 13086956 184095 219425 26321 629 4869 1214 3790 976 -1.000000 720.000000 -0.001391 0.784137 0 3 7182.825618
2 199526 236415164 124341 9453914 287668 311653 11723 372 3029 406 1832 649 -1.000000 720.000000 -0.001391 0.926090 0 4 8863.499164
2 56716 61185297 36372 3469736 70180 88707 3888 238 2758 240 1291 416 -1.000000 720.000000 -0.001391 0.911170 0 4 10021.630675
2 42320 38125621 34354 5008092 23040 69457 6834 246 3277 351 1564 602 -1.000000 720.000000 -0.001391 0.816744 0 3 18038.284284
2 56716 55239795 43227 5241568 32948 93881 5705 282 3533 393 1593 624 -1.000000 720.000000 -0.001391 0.882263 0 3 19099.751250
2 43738 43834139 32980 4791125 25723 70741 5648 345 3536 366 1788 663 -1.000000 720.000000 -0.001391 0.848471 0 3 18463.921306
2 302014 354187213 173172 12435378 301166 466099 8943 468 4839 789 3484 787 -1.000000 720.000000 -0.001391 0.962057 0 3 16851.089702
2 195996 224569221 112412 9249446 193220 300575 7585 525 4077 556 2336 773 -1.000000 720.000000 -0.001391 0.950008 0 4 10274.445974
2 202375 224404777 122667 11339282 185762 310011 14492 663 5126 1329 4335 1097 -1.000000 720.000000 -0.001391 0.909172 0 3 8333.467678
2 43005 40182524 27891 2666181 37715 54048 16488 322 3998 494 2052 709 -1.000000 720.000000 -0.001391 0.529790 0 3 6401.461559
2 46472 41634486 30798 3417595 40254 60145 16796 542 3844 392 1631 600 -1.000000 720.000000 -0.001391 0.561007 0 3 4954.391953
2 69739 69258381 42642 3839917 55483 87651 24463 396 3797 449 1740 600 -1.000000 720.000000 -0.001391 0.562266 0 3 3538.663758
2 83167 85419264 47571 3775450 99710 114871 14808 336 3787 400 1476 524 -1.000000 720.000000 -0.001391 0.765370 0 3 2139.190205
2 53919 68451199 32612 2824848 67078 82839 3479 192 2706 203 1506 407 -1.000000 472.000000 -0.002123 0.917128 0 3 994.716919
2 151622 182470141 86029 6783999 185958 230307 7075 394 4136 675 2422 618 -1.000000 720.000000 -0.001391 0.939327 0 3 505.517555
2 47540 48266470 34629 3237765 58067 76202 5829 385 3683 444 1934 527 -1.000000 720.000000 -0.001391 0.856442 0 3 1730.235382
2 40682 36721489 32930 4138045 43965 68834 4387 342 3966 544 1960 564 -1.000000 720.000000 -0.001391 0.875496 0 3 3106.826245
2 37580 35441281 29674 3466002 43553 62019 4783 430 4074 529 1782 630 -1.000000 720.000000 -0.001391 0.851042 0 4 4534.441698
2 78457 73452346 58343 7899118 82421 126281 10213 576 4768 732 2942 696 -1.000000 720.000000 -0.001391 0.848450 0 4 6654.617014
2 78281 77969928 56183 8280232 98808 123458 10589 512 4277 522 2550 703 -1.000000 720.000000 -0.001391 0.839399 0 3 8376.906024
2 52371 39965083 44222 7908696 59273 89208 6811 746 4289 600 2352 664 -1.000000 720.000000 -0.001391 0.853033 0 3 9944.732020
2 44613 16214536 46589 16215473 42778 83352 6107 412 3811 738 2183 684 -1.000000 720.000000 -0.001391 0.846966 0 3 11587.654711
2 41838 25016151 41304 9427482 46496 76296 5255 499 4570 649 2506 634 -1.000000 720.000000 -0.001391 0.854454 0 3 13191.816144
2 4185 1102802 5900 564913 2846 7336 1275 114 2053 131 428 253 0.000000 720.000000 0.000000 0.600992 0 3 18572.893768
2 6499 3657167 7458 778927 5368 11040 1329 154 2076 126 515 274 0.000000 720.000000 0.000000 0.695780 0 4 19229.174725
2 3763 832274 5394 533184 2325 6093 1369 101 1962 83 347 212 1.000000 720.000000 0.001391 0.515889 0 4 19075.913549
2 5406 2621807 7183 713350 4102 9585 1272 116 2018 84 371 224 -1.000000 720.000000 -0.001391 0.660338 0 3 18471.670446
2 14954 11376241 14665 1905825 16872 26686 1300 244 2368 387 973 388 -1.000000 720.000000 -0.001391 0.857085 0 3 17746.714910
2 3484 635888 4927 471197 2435 5940 932 105 1628 150 441 264 2.000000 720.000000 0.002782 0.595411 0 3 17042.091484
2 1972 293146 3482 365492 1236 3508 539 97 1499 60 196 154 1.000000 720.000000 0.001391 0.544371 0 2 16562.917333
2 2435 840089 3840 356474 1801 4314 478 105 1575 54 205 151 1.000000 720.000000 0.001391 0.611315 0 2 16155.749949
2 2536 1029268 3795 339665 2076 4349 511 107 1498 31 247 143 0.000000 720.000000 0.000000 0.606223 0 2 15751.553013
2 1733 248542 3170 308292 1289 3173 415 110 1435 37 195 134 23.000000 621.000000 0.031989 0.562513 0 2 15379.099252
2 2230 1325962 3479 369757 2641 5140 410 77 1521 38 272 141 76.000000 334.000000 0.105702 0.828516 0 2 15007.212449
2 1943 1080456 3429 362680 2075 4794 380 89 1614 34 194 103 44.000000 320.000000 0.061196 0.821668 0 2 14614.897870
2 1046 205580 2696 220615 1058 3211 333 87 1626 38 154 106 36.000000 517.000000 0.050070 0.769107 0 2 14224.853585
2 986 200994 2633 222837 994 3050 369 96 1562 31 142 99 39.000000 485.000000 0.054318 0.740812 0 2 13841.013939
2 1074 190450 2584 221047 962 2932 479 122 1522 28 157 114 83.000000 236.000000 0.115438 0.670585 0 2 11841.330219
2 2381 1403100 3479 344192 2802 5237 411 118 1561 58 278 158 53.000000 330.000000 0.073713 0.823550 0 2 11465.193360
2 1283 418493 2804 259800 1414 3472 452 95 1487 37 192 122 58.000000 604.000000 0.080668 0.738928 0 2 11086.981133
2 65717 79165653 54054 8703592 88727 117869 1493 527 1731 685 1893 330 3.000000 720.000000 0.004172 0.971654 0 1 6566.950671
2 79784 90158427 75018 8478100 94785 151769 2619 934 3348 1550 3403 588 3.000000 448.000000 0.004172 0.963489 0 1 5717.902764
2 66063 83955575 54705 5939635 81650 116827 2121 607 2199 1258 3572 431 2.000000 720.000000 0.002782 0.949805 0 2 14559.266577
2 172318 257761279 94005 10127949 217871 263283 2684 869 3429 1292 2958 572 0.000000 720.000000 0.000000 0.978507 0 2 13702.170754
2 52391 75228387 36377 4136600 75396 87629 1107 353 1650 341 1054 272 -1.000000 372.000000 -0.002695 0.974698 0 2 14707.610711
2 197649 323651710 157239 12406919 331815 353391 1479 524 2547 1265 2311 435 -1.000000 454.000000 -0.002208 0.991614 0 2 13931.955403
2 62228 89222688 54067 4885472 92337 114639 1513 542 2553 730 1824 459 -1.000000 442.000000 -0.002268 0.972750 0 3 13290.197644
2 147737 247056084 125401 7876307 255371 270700 2023 478 3151 548 1743 394 -1.000000 720.000000 -0.001391 0.983668 0 2 12388.923876
2 113670 165378015 96297 7710955 172796 206873 2807 765 5967 1290 2637 986 -1.000000 720.000000 -0.001391 0.971896 0 3 10287.429969
2 130405 191038856 113691 9086075 210706 240760 3201 1169 8492 1064 2737 1192 -1.000000 720.000000 -0.001391 0.973220 0 2 16933.895634
2 130148 197104881 118803 8835426 212889 245836 2668 933 10140 1629 2958 1695 -1.000000 720.000000 -0.001391 0.976771 0 2 16467.638937
2 101307 164233236 91439 6927475 161875 189776 1999 667 11511 1352 2845 1747 -1.000000 720.000000 -0.001391 0.974220 0 2 12583.651449
2 34969 42793307 33625 4089536 50731 67037 1478 458 3679 869 1938 611 0.000000 370.000000 0.000000 0.955754 0 2 17043.759358
2 100188 147523066 81317 6631128 153680 174707 5865 562 7516 653 1633 973 -1.000000 720.000000 -0.001391 0.930233 0 3 15170.264385
2 34155 41271391 37469 3605701 43222 68348 1583 501 4845 1059 1967 605 6.000000 720.000000 0.008345 0.932160 0 2 18424.758621
2 9890 9133701 11912 2139129 12048 19617 1302 366 1643 220 982 240 53.000000 257.000000 0.073713 0.840061 0 2 18080.825086
2 6022 3391375 8552 2528992 8032 13297 1186 328 1753 202 713 164 44.000000 327.000000 0.061196 0.831000 0 2 18179.661423
2 3810 2988363 5458 565505 4181 8181 1062 255 1611 140 384 120 56.000000 195.000000 0.077886 0.768127 0 2 18212.241387
2 13607 15135934 15522 1660172 15545 27476 1434 403 2009 252 927 248 30.000000 479.000000 0.041725 0.894023 0 2 18856.331364
2 36940 45613797 36740 3694380 53720 71823 1605 527 2260 821 1695 305 2.000000 720.000000 0.002782 0.953013 0 2 19363.436107
2 14491 17901160 14564 1177440 15463 27727 1138 287 1607 196 787 127 23.000000 720.000000 0.031989 0.915127 0 3 17377.896894
2 9600 5857297 9815 2409561 9643 17926 1261 363 1800 267 1323 157 36.000000 523.000000 0.050070 0.858357 0 2 13834.500703
2 36640 42937352 36470 4394923 51300 71146 1581 501 2937 1003 2509 293 7.000000 720.000000 0.009736 0.951511 0 2 16014.913723
2 266353 385269329 208758 15419043 457624 472355 1838 609 2660 561 2738 305 -1.000000 720.000000 -0.001391 0.990331 0 2 15250.752913
2 241740 362823605 162823 10264996 379430 402630 1858 639 2861 702 2812 315 -1.000000 720.000000 -0.001391 0.990629 0 2 15178.831329
2 88632 119753396 59523 4988670 130410 146060 1800 609 2670 489 2331 416 6.000000 720.000000 0.008345 0.973710 0 2 15554.405373
2 7920 8141957 9137 1068357 10325 15742 1172 297 1770 142 701 181 22.000000 658.000000 0.030598 0.854195 0 2 15072.824791
2 319361 621067662 269769 15913043 570686 587443 1628 530 3468 510 1222 468 4.000000 720.000000 0.005563 0.994373 0 2 15582.554260
2 70800 127229811 63810 5222999 119953 133364 1094 389 4608 430 1623 795 -1.000000 366.000000 -0.002740 0.982616 0 3 10376.907789
2 33197 31344228 35511 5359511 35206 66582 1926 671 6024 913 2433 1074 -1.000000 720.000000 -0.001391 0.941026 0 2 14446.444297
2 69127 90797810 57600 5607789 109982 124666 1671 536 2407 712 1888 375 8.000000 720.000000 0.011127 0.970551 0 2 16106.060794
2 85793 118431711 62486 8007210 125330 146305 1924 613 3050 984 2883 433 0.000000 720.000000 0.000000 0.973712 0 2 16144.255863
2 48582 58052382 48984 6937294 69501 95511 1941 720 3049 889 3015 484 2.000000 720.000000 0.002782 0.959043 0 2 15290.847204
2 32008 32380319 34169 5303393 46097 63945 1669 561 2292 745 2394 376 3.000000 720.000000 0.004172 0.941052 0 3 15654.966122
2 55909 73138563 50987 8054225 86495 104954 1893 716 2741 962 3278 434 2.000000 720.000000 0.002782 0.964124 0 2 15777.620858
2 38579 43258839 37964 5072044 55061 74794 1682 638 2452 748 3360 460 7.000000 720.000000 0.009736 0.955176 0 2 14811.519317
2 22973 17540084 24890 4574709 26632 46172 1684 588 2278 791 2328 462 7.000000 625.000000 0.009736 0.929486 0 2 15044.949540
2 61209 79504632 51923 4935502 89791 111440 1536 581 2086 714 2236 429 6.000000 720.000000 0.008345 0.971467 0 2 15909.001270
2 201875 293599896 135414 10149979 299212 334924 1958 686 2260 944 2759 465 0.000000 720.000000 0.000000 0.987183 0 2 16506.617401
2 77155 99838259 58456 6960016 97191 133413 1833 610 1863 803 2138 449 1.000000 720.000000 0.001391 0.970275 0 2 16814.426608
2 131956 218979765 97534 6350736 195407 226538 2562 460 1435 572 1227 357 4.000000 591.000000 0.006780 0.975973 0 2 14120.451625
2 133967 229333541 106733 6435291 199163 238923 1361 453 1623 855 1715 274 6.000000 667.000000 0.008345 0.986963 0 2 15155.422651
2 44915 61156687 28061 2591516 45243 70326 1244 356 1136 220 1607 239 23.000000 719.000000 0.031989 0.946640 0 2 14128.301110
2 5385 2867988 7097 901126 4718 10565 1117 323 1354 197 1012 180 42.000000 576.000000 0.058414 0.756930 0 2 15831.392117
2 1652 686420 2723 291321 1570 3279 869 233 794 52 228 87 70.000000 408.000000 0.097357 0.550857 0 2 12061.574900
2 746 139778 1845 148222 400 1729 861 211 754 7 55 58 91.000000 201.000000 0.126565 0.335006 0 2 11023.118470
2 3187 2092997 4525 983801 4001 6773 937 301 900 47 321 129 69.000000 229.000000 0.095967 0.756743 0 2 13499.250247
2 1030 277158 1981 194608 702 2316 695 212 760 12 99 76 110.000000 165.000000 0.152990 0.538359 0 2 11523.076220
2 5282 3398822 4967 858429 5975 9404 845 311 1107 94 359 125 117.000000 186.000000 0.162726 0.835106 0 2 16977.160036
2 1593 621240 2705 314749 1424 3448 849 194 838 91 293 108 124.000000 136.000000 0.172702 0.604700 0 2 14817.531344
2 1556 686508 2749 426572 1202 3468 836 244 882 24 132 85 143.000000 145.000000 0.198887 0.611382 0 2 14585.428908
2 6952 7823960 7111 764716 6809 13060 958 277 1032 117 507 140 85.000000 193.000000 0.118220 0.860556 0 2 12228.220397
2 1946 549724 3458 630587 1570 4584 812 208 930 75 280 69 103.000000 214.000000 0.143255 0.698002 0 2 9648.528320
2 2811 841663 4742 945343 2270 6614 804 250 1325 109 377 114 94.000000 139.000000 0.130737 0.769231 0 2 15081.463629
2 9345 11130281 9671 954786 11393 17810 1161 381 1132 119 584 193 57.000000 337.000000 0.079277 0.875526 0 3 18163.103053
2 94904 160421529 65454 4566092 127395 159184 1159 419 1353 289 1166 196 0.000000 563.000000 0.000000 0.985451 0 2 19814.636483
2 110853 158855847 70397 4786087 114604 179957 1218 375 1589 574 1980 211 -1.000000 720.000000 -0.001391 0.986146 0 2 20272.194351
2 17636 21508222 14394 2167126 20774 30518 1497 519 1338 271 1153 272 20.000000 609.000000 0.027816 0.906057 0 2 16698.663574
2 3936 1229661 5502 885034 4082 8066 1095 347 902 186 858 173 67.000000 245.000000 0.093185 0.738610 0 2 11654.234949
1 147131 229650682 89371 5288226 234628 235624 878 157 1009 112 585 135 32.000000 412.000000 0.044506 0.992575 0 1 156.887422
1 55018 81639083 33829 1774520 87677 88448 389 64 488 37 134 57 188.000000 498.000000 0.261838 0.991131 0 1 53.152613
1 409 70621 347 38206 197 444 302 9 28 8 70 37 602.000000 22.000000 0.837274 0.187831 0 1 15134.560404
1 338 45112 245 34389 259 327 246 12 17 15 44 25 617.000000 6.000000 0.860530 0.138937 0 1 5.337082
1 7033 8271079 5958 837032 7189 12392 588 91 600 145 358 88 402.000000 259.000000 0.560669 0.908629 0 1 102.014667
1 7227 6519067 7233 952643 9756 13871 589 191 947 403 870 99 136.000000 183.000000 0.189152 0.918534 0 1 163.859261
1 18819 15929491 17648 2853017 19407 33390 3067 426 2269 740 1449 231 43.000000 625.000000 0.059805 0.831519 0 1 372.185496
1 13720 9902990 14001 2351313 13067 24878 2833 326 2196 739 1377 292 39.000000 488.000000 0.054242 0.795245 0 1 329.424899
1 16451 21600141 15360 1530446 16146 30736 1065 198 1295 391 648 165 64.000000 271.000000 0.104235 0.932728 0 1 186.446978
1 18371 19822448 16551 2387009 18902 33395 1527 274 1585 530 995 215 32.000000 455.000000 0.044506 0.912548 0 1 250.489128
1 4373 1766850 5363 965435 4521 9039 680 76 1294 253 493 115 44.000000 249.000000 0.061281 0.858566 0 1 173.711111
1 9397 4302808 8411 1611767 7039 17189 588 101 1216 328 562 97 62.000000 350.000000 0.086351 0.932221 0 1 182.219502
1 19366 17296961 14882 2345150 17993 33213 952 188 1117 490 826 124 72.000000 143.000000 0.123499 0.941982 0 1 6855.785981
1 17607 14430880 1903183 1991520165 7680 28180 1892610 51 910 120 251 74 137.000000 125.000000 0.190542 0.970658 0 1 99.648726
1 582 104779 1342 114066 444 1572 342 38 863 33 76 46 139.000000 61.000000 0.193324 0.639293 0 1 92.237706
1 760 182076 1469 187327 641 1810 409 37 841 49 90 48 146.000000 165.000000 0.203343 0.628533 0 1 89.499257
1 481 71490 1158 94755 302 1298 331 25 782 29 53 36 147.000000 133.000000 0.204451 0.589994 0 1 80.437288
1 555 97022 1275 109009 393 1463 357 37 835 39 62 43 140.000000 60.000000 0.194986 0.604372 0 1 86.492606
1 764 118505 1544 152806 411 1814 477 38 833 44 117 51 155.000000 89.000000 0.215877 0.579289 0 1 7198.266924
1 529 96057 1269 111508 384 1456 331 43 802 34 61 37 200.000000 82.000000 0.278940 0.625695 0 1 84.692269
1 526 90598 1225 110582 374 1416 330 35 778 33 66 39 165.000000 132.000000 0.229485 0.620217 0 1 82.731681
1 570 166124 1465 123093 438 1731 299 35 981 32 51 37 147.000000 68.000000 0.204451 0.703686 0 1 102.826135
1 34228 47346681 36162 2596339 66027 69672 708 109 1043 223 365 115 117.000000 321.000000 0.163180 0.979741 0 1 142.524474
1 979 314470 1573 240871 1096 2171 371 46 679 61 192 50 198.000000 63.000000 0.275766 0.705329 0 1 79.170462
1 1317 722003 1982 227702 1866 2905 384 49 643 59 183 51 170.000000 69.000000 0.236439 0.764171 0 1 78.487865
1 1036 596453 1583 151102 1352 2278 336 45 636 51 82 46 225.000000 42.000000 0.312935 0.741504 0 1 70.949400
1 5011 4996301 4967 597975 5652 9490 482 88 760 214 334 66 159.000000 120.000000 0.221140 0.902786 0 1 118.272443
1 941 272529 1521 200092 1039 2049 403 33 691 50 133 48 209.000000 56.000000 0.290682 0.668562 0 1 84.109109
1 477 96760 1124 109355 518 1305 286 28 672 34 91 39 228.000000 111.000000 0.317107 0.636477 0 1 73.042648
1 442 71771 1037 106435 332 1163 306 33 652 36 66 37 248.000000 40.000000 0.344923 0.579446 0 1 69.133005
1 638 242774 1204 111647 583 1538 299 30 657 38 84 50 224.000000 39.000000 0.311544 0.672638 0 1 74.205694
1 659 193626 1209 114198 569 1485 377 42 672 30 76 48 210.000000 63.000000 0.292072 0.593148 0 1 72.745397
1 6419 7480849 5375 715379 7658 11213 571 94 792 176 321 95 188.000000 96.000000 0.261474 0.902323 0 1 112.878446
1 6558 7113841 8241 833284 7353 14237 552 117 1042 295 378 93 117.000000 171.000000 0.162726 0.924725 0 1 161.146369
1 657 126353 1234 182194 510 1487 394 28 664 47 95 50 227.000000 82.000000 0.315716 0.578001 0 1 71.080908
1 1038 1006818 1373 155423 908 2111 295 35 669 13 41 34 244.000000 40.000000 0.339360 0.753214 0 1 68.669248
1 3390 1874591 3420 750644 3460 6336 469 86 824 229 391 70 189.000000 116.000000 0.262865 0.861527 0 1 123.897661
1 6464 4010773 6335 1437019 6733 12071 718 137 1076 409 718 106 155.000000 109.000000 0.215577 0.887022 0 1 189.739895
1 1021 445257 1691 201785 1120 2288 414 43 820 60 150 55 163.000000 95.000000 0.226704 0.691003 0 1 89.652081
1 6051 8857061 5113 557675 6207 10775 378 52 813 64 151 61 138.000000 115.000000 0.191933 0.931297 0 1 93.632460
1 653 141720 1260 166203 563 1597 311 32 757 23 54 41 189.000000 70.000000 0.262865 0.672243 0 1 80.205404
1 460 52362 1105 126980 353 1291 269 22 771 29 43 35 194.000000 136.000000 0.270195 0.653035 0 1 79.511004
1 647 128910 1199 154272 467 1491 345 28 753 34 52 35 177.000000 53.000000 0.246175 0.620802 0 1 78.818951
1 471 57493 1039 123654 289 1193 307 10 737 19 28 27 183.000000 61.000000 0.254520 0.586755 0 1 73.989499
1 553 76219 1135 136667 379 1302 376 20 761 27 52 33 167.000000 61.000000 0.232591 0.548578 0 1 77.539191
1 695 172760 1356 170077 378 1409 632 20 756 21 66 41 168.000000 103.000000 0.233658 0.378840 0 1 3790.020109
1 447 57571 1149 131467 351 1336 255 19 809 23 45 33 189.000000 61.000000 0.263231 0.677318 0 1 82.411107
1 564 139696 1256 157395 523 1506 304 31 793 29 55 42 152.000000 40.000000 0.211994 0.660440 0 1 82.724859
1 403 57190 1066 126043 286 1203 256 23 740 14 32 28 174.000000 40.000000 0.242003 0.644656 0 1 74.370269
1 406 57043 1102 132481 339 1284 214 12 749 25 42 30 167.000000 137.000000 0.232267 0.709549 0 1 76.696361
1 475 72959 1174 154447 408 1387 252 21 787 20 46 35 173.000000 61.000000 0.240612 0.688296 0 1 80.981681
1 433 55987 1088 128019 333 1267 254 28 749 20 40 31 178.000000 40.000000 0.247566 0.666009 0 1 77.642476
1 614 157711 1279 164604 539 1572 311 33 757 27 70 44 134.000000 61.000000 0.186370 0.666138 0 1 80.154813
1 399 52429 1060 126970 294 1217 232 11 741 14 37 29 141.000000 89.000000 0.196379 0.675120 0 1 74.431393
1 457 56676 1135 136333 320 1311 266 12 767 21 46 30 137.000000 53.000000 0.190542 0.656407 0 1 4010.026488
1 458 68262 1118 135213 355 1327 238 26 762 15 40 32 142.000000 60.000000 0.198047 0.690990 0 1 77.336350
1 490 56356 1134 135847 409 1335 289 21 759 27 54 48 143.000000 74.000000 0.199164 0.644089 0 1 78.632322
1 3385 4715699 2785 289134 4464 5876 265 22 81 78 95 26 397.000000 43.000000 0.756190 0.909400 0 1 23.578476
1 233 25022 236 50917 229 425 44 3 22 6 42 10 560.000000 8.000000 0.811594 0.812367 0 1 7.696865
1 286 48625 291 64607 196 549 28 1 23 5 46 9 568.000000 6.000000 0.818444 0.902946 0 1 14.347958
1 321 44932 341 70938 262 602 60 5 29 5 60 13 530.000000 15.000000 0.777126 0.818731 0 1 13.964538
1 213 26866 227 47226 162 387 53 5 15 3 28 10 591.000000 12.000000 0.824268 0.759091 0 1 7.799145
1 265 55582 265 47834 172 493 37 2 25 6 46 10 555.000000 6.000000 0.813783 0.860377 0 1 13.677192
1 223 26673 238 46273 164 411 50 6 20 4 35 10 588.000000 7.000000 0.817802 0.783080 0 1 7.751774
1 255 39024 255 56384 170 474 36 5 19 7 35 10 596.000000 6.000000 0.828929 0.858824 0 1 11.913120
1 1565 1579084 1224 190082 1823 2676 113 10 87 38 170 29 547.000000 32.000000 0.760779 0.918967 0 1 26.907749
1 626 485004 549 90312 590 1111 64 10 30 8 59 13 541.000000 10.000000 0.752434 0.891064 0 1 12.416118
1 18222 31342925 11368 757809 27214 29463 123 18 319 131 161 30 424.000000 56.000000 0.590529 0.991551 0 1 61.948405
1 14068 23841823 8937 532608 18160 22913 92 14 78 105 145 24 471.000000 59.000000 0.655077 0.992002 0 1 22.058600
1 12764 19473278 8546 600253 12980 21171 139 44 389 61 135 45 269.000000 164.000000 0.374131 0.986955 0 1 56.358182
1 3468 3143594 2822 430489 2985 6089 197 42 172 96 297 47 462.000000 30.000000 0.642559 0.936725 0 1 75.742252
1 11154 20532465 8750 480617 19679 19862 42 5 28 6 49 14 599.000000 14.000000 0.833102 0.995780 0 1 11.100365
1 8566 15346252 6777 401394 15086 15307 36 2 33 8 71 16 590.000000 21.000000 0.820584 0.995307 0 1 14.489856
1 8206 12035213 4784 281984 11075 12946 44 3 21 8 41 13 564.000000 49.000000 0.793249 0.993226 0 1 8.931333
1 14458 21968835 10110 774209 17347 24362 206 49 116 46 203 57 504.000000 44.000000 0.702929 0.983230 0 1 47.597140
1 12940 16325872 8030 624395 16737 18094 2875 61 160 56 302 67 370.000000 47.000000 0.515320 0.725751 0 1 50.077590
1 25553 36998544 13731 831703 36018 38518 766 20 139 28 268 42 447.000000 33.000000 0.621697 0.961002 0 1 54.170987
1 16531 23550392 8641 514408 23858 24473 699 10 47 33 121 28 477.000000 84.000000 0.663421 0.944462 0 1 26.207688
1 11435 15744259 6410 466212 13083 17262 583 15 69 25 142 28 390.000000 112.000000 0.543175 0.934660 0 1 35.274606
1 15655 22214730 8531 683533 20925 23051 1134 20 105 16 125 39 471.000000 28.000000 0.657821 0.906185 0 1 27.121184
1 23079 31808434 12697 961096 22096 34956 816 52 166 57 325 59 456.000000 42.000000 0.635983 0.954271 0 1 85.177224
1 14673 19869677 8599 698651 19752 22561 711 41 288 49 198 62 444.000000 31.000000 0.617524 0.938897 0 1 45.105196
1 9534 13646216 4954 306266 13609 13816 672 7 20 11 53 20 540.000000 17.000000 0.752089 0.907234 0 1 10.330900
1 22233 32570886 14993 958260 33070 36609 617 7 34 9 75 20 515.000000 39.000000 0.720280 0.966851 0 1 14.773052
1 11445 16914880 9789 671718 18901 20670 562 5 31 7 71 21 549.000000 31.000000 0.763560 0.946972 0 1 14.981014
1 10817 17543874 7821 449372 17922 18222 416 8 71 11 84 20 397.000000 83.000000 0.552156 0.955360 0 1 19.888042
1 17267 23671977 11458 850358 26525 28165 556 98 213 63 393 59 204.000000 181.000000 0.283727 0.961149 0 1 72.976562
1 27906 38367883 17048 1509935 38700 44331 623 68 274 160 523 63 262.000000 127.000000 0.367978 0.972283 0 1 110.637444
1 15824 25397087 12205 737559 24019 27459 570 13 110 43 131 34 434.000000 33.000000 0.603616 0.959328 0 1 29.533597
1 17756 25947460 16405 1215482 26933 33653 505 35 126 60 198 52 491.000000 18.000000 0.682893 0.970346 0 1 39.984716
1 22204 32147787 14043 838371 34791 35749 498 15 91 29 141 26 389.000000 47.000000 0.550991 0.972522 0 1 23.261366
1 23169 34348725 11956 610260 29753 34736 389 8 46 12 84 26 507.000000 35.000000 0.706128 0.977851 0 1 16.332396
1 13771 23448700 11702 670362 24729 24934 539 10 55 7 63 31 522.000000 18.000000 0.726008 0.957681 0 1 13.593265
1 13133 18507339 8944 674989 20024 21563 514 34 102 51 186 46 511.000000 61.000000 0.711699 0.953436 0 1 37.829424
1 2037 1107643 1660 339064 1106 3231 461 13 87 51 179 43 540.000000 22.000000 0.751043 0.749256 0 1 42.044814
1 302 94690 514 84410 273 445 314 13 27 8 37 34 482.000000 19.000000 0.686610 0.160539 0 1 39.641742
1 5492 5937150 4776 597307 5400 9782 415 36 226 51 400 60 303.000000 134.000000 0.421419 0.912252 0 1 157.753652
1 1727 1485661 1821 367729 1722 3194 289 10 52 6 147 30 357.000000 47.000000 0.501404 0.818771 0 1 76.883441
1 431 106982 552 105019 419 643 253 13 25 5 64 27 467.000000 31.000000 0.657746 0.396745 0 1 36.722657
1 3941 4353261 2862 350845 4504 6456 304 30 178 68 337 46 404.000000 112.000000 0.561891 0.904307 0 1 66.824196
1 5131 5285652 5040 808515 5639 9696 398 24 182 48 361 44 270.000000 95.000000 0.375522 0.914168 0 1 192.558740
1 11082 13696976 10606 1055251 14141 21081 487 61 202 64 452 55 164.000000 182.000000 0.228095 0.949557 0 1 120.931685
1 979 684213 1125 173655 1074 1686 346 24 49 24 83 41 454.000000 47.000000 0.632312 0.636882 0 1 67.939771
1 1560 1305927 1683 234264 2412 2879 298 24 123 38 191 34 426.000000 39.000000 0.592490 0.795868 0 1 52.012361
1 436 79370 595 116750 562 718 254 13 36 18 70 30 449.000000 17.000000 0.625348 0.450049 0 1 45.639455
1 1275 358246 1648 807611 1693 2328 485 54 83 21 110 48 349.000000 80.000000 0.486072 0.630517 0 1 96.476741
1 1592 649607 1888 611595 1915 2933 477 81 77 53 169 50 241.000000 75.000000 0.337535 0.705747 0 1 62.239254
1 2046 1218405 2246 363773 2274 3750 462 65 81 65 132 43 268.000000 43.000000 0.374302 0.766076 0 1 86.594278
1 845 246235 1030 325414 921 1505 299 25 40 21 105 29 413.000000 38.000000 0.577622 0.643200 0 1 48.241832
1 238 34309 389 68226 231 308 262 32 13 6 29 22 497.000000 16.000000 0.708987 0.073365 0 1 41.205214
1 329 95858 513 88907 311 467 311 15 18 16 31 30 503.000000 10.000000 0.699583 0.185273 0 1 42.176875
1 308 97465 453 81935 342 463 242 12 22 13 41 32 532.000000 11.000000 0.740947 0.290407 0 1 44.140950
1 311 65328 441 79157 280 450 247 7 38 22 27 31 537.000000 14.000000 0.748954 0.269947 0 1 49.314701
1 4589 4857665 4455 653550 3959 8709 276 8 294 225 209 35 363.000000 64.000000 0.504868 0.932441 0 1 92.327268
1 1115 206957 1711 311340 312 2540 235 12 215 206 47 32 473.000000 15.000000 0.662465 0.815641 0 1 63.365712
1 1188 257967 1877 338643 372 2645 357 19 228 211 45 40 431.000000 23.000000 0.604488 0.746493 0 1 65.168270
1 1103 201518 1744 316402 289 2528 259 11 218 206 46 32 480.000000 17.000000 0.667594 0.796979 0 1 62.291634
1 1124 215855 1746 323069 291 2569 250 5 215 201 25 27 465.000000 17.000000 0.652174 0.808014 0 1 65.152999
1 1269 309080 1915 358725 507 2868 260 6 225 213 46 27 422.000000 26.000000 0.586926 0.819095 0 1 67.109034
1 5743 6161166 6360 811393 4936 11787 258 17 282 214 213 33 238.000000 326.000000 0.331015 0.952574 0 1 129.665462
1 8928 13396260 6658 726593 10782 15244 280 9 226 199 67 36 409.000000 29.000000 0.573633 0.960092 0 1 68.252506
1 1735 1318538 2272 373110 1463 3651 292 21 217 209 32 37 434.000000 23.000000 0.603616 0.838283 0 1 61.160363
1 5855 7111156 4878 510496 5070 10385 288 10 225 209 54 34 354.000000 81.000000 0.494413 0.940744 0 1 66.096360
1 6659 4010880 8033 1479133 6110 14272 363 14 690 230 1022 41 177.000000 115.000000 0.247207 0.946706 0 1 569.479111
1 1493 440101 2159 370396 681 3358 242 6 239 208 161 31 437.000000 28.000000 0.607789 0.853231 0 1 87.294179
1 2646 1220336 3407 788240 1840 5566 410 21 296 206 193 46 295.000000 87.000000 0.410864 0.851809 0 1 126.853291
1 3166 1317438 4094 886405 2639 6801 389 11 397 208 396 39 298.000000 55.000000 0.414465 0.883196 0 1 197.552287
1 2083 895527 2773 530083 1226 4516 285 8 281 200 243 31 413.000000 19.000000 0.575209 0.871293 0 1 122.798836
1 1091 214970 1788 320875 299 2548 272 5 209 209 66 32 427.000000 33.000000 0.593880 0.790552 0 1 61.421479
1 1127 225883 1784 327529 349 2591 277 16 217 211 46 36 446.000000 20.000000 0.620306 0.794916 0 1 62.641839
1 1443 370029 2084 380647 585 3135 330 14 225 201 50 30 417.000000 38.000000 0.580780 0.795293 0 1 76.235245
1 1048 205418 1695 314116 262 2468 233 5 206 203 35 27 454.000000 16.000000 0.631433 0.814801 0 1 59.037202
1 1360 427689 1988 357598 650 2993 304 9 219 212 45 35 401.000000 17.000000 0.557719 0.803166 0 1 65.476756
1 4011 1797020 4891 878732 3143 8174 637 47 534 224 400 83 280.000000 91.000000 0.389430 0.846664 0 1 306.602108
1 2717 2318399 4134 623588 3216 6030 778 62 321 286 181 72 272.000000 71.000000 0.379888 0.766603 0 1 85.171683
1 1257 346305 1874 335937 496 2753 320 20 224 199 48 39 424.000000 20.000000 0.589708 0.777068 0 1 65.693373
1 3428 2926725 3789 588284 2660 6885 279 11 269 208 150 29 386.000000 46.000000 0.536857 0.915339 0 1 141.640333
1 7026 5579717 6738 1538513 6247 13142 555 89 501 334 641 66 300.000000 62.000000 0.417827 0.914487 0 1 227.872354
1 1532 489111 2315 407852 713 3362 408 12 223 237 132 46 322.000000 42.000000 0.448468 0.767871 0 1 64.373908
1 1070 202495 1845 329952 278 2622 262 13 338 201 42 29 398.000000 19.000000 0.554318 0.809605 0 1 71.062039
1 1306 311054 2273 399474 646 3092 436 23 514 231 78 43 353.000000 36.000000 0.496484 0.742107 0 1 92.668203
1 1039 200933 1822 319536 234 2533 285 12 345 200 33 31 437.000000 20.000000 0.607789 0.785739 0 1 74.200372
1 1003 212502 1683 303992 182 2406 242 10 295 197 17 28 459.000000 17.000000 0.645570 0.805659 0 1 67.664741
1 1143 271444 1830 321901 371 2622 310 19 260 213 40 44 469.000000 21.000000 0.652295 0.777666 0 1 64.783016
1 20160 31011689 14131 843408 24105 34139 152 19 147 26 165 29 361.000000 79.000000 0.502086 0.991135 0 1 30.592412
1 22317 33026081 13976 729436 29473 36106 187 12 142 8 79 25 315.000000 68.000000 0.438108 0.989695 0 1 29.585000
1 10327 17448458 7318 407127 17444 17595 50 5 80 7 88 19 493.000000 26.000000 0.711400 0.994333 0 1 16.279416
1 19387 31731344 12682 699185 26288 32038 31 14 123 8 81 16 435.000000 56.000000 0.623209 0.998067 0 1 17.599611
1 13354 19634423 9464 536685 18732 22700 118 16 142 13 78 24 301.000000 171.000000 0.471049 0.989657 0 1 22.853683
1 15997 24265512 14257 1004849 18680 30180 74 22 99 23 120 29 430.000000 66.000000 0.607345 0.995108 0 1 20.832304
1 9242 14193717 7870 590475 13095 14357 2728 74 169 55 232 67 403.000000 106.000000 0.560501 0.679582 0 1 50.812529
1 3630 2328088 3726 681352 3172 6107 1248 36 520 89 540 62 174.000000 195.000000 0.242340 0.660549 0 1 99.400133
1 1905 748398 1670 356585 1253 2706 869 17 100 35 210 27 294.000000 59.000000 0.408901 0.513846 0 1 47.201500
1 1711 863494 1542 396747 658 2553 700 24 88 43 230 36 305.000000 39.000000 0.424200 0.569628 0 1 31.015207
1 1731 977086 1499 412128 767 2607 623 12 74 24 180 28 329.000000 48.000000 0.457580 0.614241 0 1 31.867549
1 6147 4115217 5337 886279 4437 10568 909 86 366 217 700 91 330.000000 83.000000 0.458971 0.841083 0 1 128.972871
1 7880 14532792 6139 418831 13225 13845 172 6 108 39 94 25 498.000000 37.000000 0.692629 0.975319 0 1 25.518591
1 362 76745 389 82910 362 710 41 5 65 15 59 12 518.000000 18.000000 0.733711 0.890812 0 1 14.830913
1 337 56305 459 88485 345 715 81 5 85 3 80 18 509.000000 22.000000 0.709902 0.796482 0 1 20.012474
1 362 76092 441 91909 419 751 52 9 78 5 79 15 529.000000 10.000000 0.738827 0.870486 0 1 18.874808
1 298 42427 389 72950 349 642 45 4 87 1 68 11 507.000000 23.000000 0.705146 0.868996 0 1 15.465824
1 27612 40259266 18581 1449439 27397 46096 97 17 116 48 175 19 323.000000 55.000000 0.460770 0.995800 0 1 42.520552
1 490 162126 508 140399 309 915 83 9 32 14 73 15 550.000000 17.000000 0.767085 0.833667 0 1 15.525055
1 233 21470 266 41363 121 422 77 8 10 19 50 12 556.000000 8.000000 0.790896 0.691383 0 1 6.579513
1 1851 692819 1651 202456 57 3452 48 5 15 5 39 13 216.000000 234.000000 0.355848 0.972016 0 1 10.385888
1 1056 624984 958 190057 160 1797 215 10 56 32 81 18 471.000000 28.000000 0.696746 0.785501 0 1 33.347347
1 3970 3614877 3528 537644 3906 7355 143 41 118 124 257 36 435.000000 49.000000 0.606695 0.961856 0 1 38.184387
1 8021 11142687 6711 513021 5338 14630 100 23 272 132 272 46 173.000000 81.000000 0.240947 0.986288 0 1 46.943217
1 295 35257 320 64755 246 563 52 5 30 8 59 14 563.000000 12.000000 0.796322 0.830894 0 1 13.982370
1 255 43089 272 57801 269 474 53 6 22 5 46 11 581.000000 11.000000 0.808067 0.798862 0 1 8.614925
1 277 44467 317 67821 235 557 37 2 31 7 56 10 546.000000 15.000000 0.773371 0.875421 0 1 13.204152
1 978 176853 1612 291639 179 2384 174 9 274 199 27 23 487.000000 19.000000 0.692745 0.853282 0 1 60.223171
1 1089 237198 1774 311739 313 2459 340 29 255 200 44 45 469.000000 23.000000 0.653203 0.740133 0 1 62.240460
1 1249 385575 1852 333034 341 2609 449 21 259 211 48 42 450.000000 24.000000 0.640114 0.696549 0 1 64.218871
1 1107 235069 1766 319354 256 2562 258 18 269 211 31 39 483.000000 9.000000 0.671766 0.801949 0 1 65.876063
1 1054 238297 1684 314131 286 2476 228 4 244 198 24 33 481.000000 15.000000 0.668985 0.821037 0 1 61.076900
1 3875 2061010 4843 823735 3311 8321 343 46 510 210 572 46 406.000000 96.000000 0.564673 0.915118 0 1 339.727033
1 1348 453690 1874 325522 626 2869 287 34 218 207 53 35 484.000000 20.000000 0.673157 0.801366 0 1 63.759157
1 1039 218056 1574 286166 247 2395 173 6 211 202 26 25 522.000000 16.000000 0.726008 0.850364 0 1 61.438731
1 3349 1909126 3914 666997 2478 6907 303 28 373 221 321 39 368.000000 71.000000 0.511822 0.909266 0 1 219.392279
1 1157 197104 1937 346282 327 2680 364 6 206 201 85 36 439.000000 24.000000 0.610570 0.748546 0 1 59.753154
1 1892 1314805 2239 367473 1698 3863 234 13 219 207 50 31 485.000000 26.000000 0.677374 0.878480 0 1 62.754018
1 1095 258089 1937 337473 272 2563 415 22 358 201 29 40 384.000000 27.000000 0.535565 0.708443 0 1 74.974111
1 1084 206468 1768 319868 291 2528 288 14 258 207 33 30 465.000000 30.000000 0.650350 0.785414 0 1 64.606996
1 189 38298 426 69798 189 318 251 11 69 11 24 30 511.000000 13.000000 0.713687 0.108943 0 1 42.063644
1 198 29479 426 73004 237 331 251 7 53 6 26 33 509.000000 18.000000 0.707928 0.128205 0 1 40.851518
1 166 35419 323 57344 202 272 183 7 49 9 22 27 557.000000 12.000000 0.775766 0.182004 0 1 34.311105
1 3782 5530349 2775 185762 6446 6452 103 23 10 1 9 14 661.000000 14.000000 0.923184 0.968278 0 1 4488.069120
1 4637 2395949 5115 536439 4851 9266 486 238 349 400 501 58 499.000000 156.000000 0.724238 0.900328 0 1 7369.015024
1 2575 888448 3116 354384 2443 5270 421 191 397 283 274 44 473.000000 74.000000 0.657858 0.852047 0 1 7395.908902
1 4468 3526752 4475 571202 3243 8516 427 198 384 137 532 74 380.000000 106.000000 0.532213 0.904506 0 2 8096.276006
1 1551 1036231 1836 229197 968 3251 136 36 240 48 113 47 395.000000 40.000000 0.559490 0.919693 0 2 7598.282312
1 5013 3041193 6639 925985 4578 11208 444 201 1473 210 529 95 286.000000 89.000000 0.397775 0.923790 0 2 6722.066938
1 11233 13653246 10713 970509 19600 21846 100 32 547 111 269 59 133.000000 314.000000 0.185754 0.990887 0 2 7622.091807
1 7861 11891814 7910 717267 7957 15525 189 74 347 68 310 80 455.000000 67.000000 0.648148 0.972418 0 2 7815.748741
1 93 10999 207 17199 63 183 49 6 85 1 71 14 605.000000 10.000000 0.841446 0.446667 0 1 6344.817758
1 49 11100 156 14943 35 152 53 11 84 1 2 13 647.000000 8.000000 0.899861 0.482927 0 1 7350.612393
1 41 6445 144 13937 28 128 57 7 75 2 6 12 629.000000 9.000000 0.874826 0.383784 0 1 7204.632494
1 47 7027 144 14862 29 126 65 15 74 2 4 14 628.000000 6.000000 0.880785 0.319372 0 1 8155.402498
1 97 23809 200 19993 85 240 57 14 88 2 8 11 616.000000 7.000000 0.862745 0.616162 0 1 8647.213213
1 6 1500 89 8752 0 59 36 4 59 0 0 8 593.000000 5.000000 0.899848 0.242105 0 1 7137.365608
1 59 17200 160 15890 35 168 51 10 77 2 2 13 605.000000 6.000000 0.876812 0.534247 0 1 4752.486611
1 99873 154485432 73826 5024712 160037 173330 367 178 615 462 591 170 281.000000 204.000000 0.391365 0.995763 0 2 7914.422271
1 5344 6796933 5417 739946 5788 10617 144 59 353 85 293 94 408.000000 27.000000 0.567455 0.973237 0 2 8010.020025
1 987 697861 1247 174778 1316 2124 110 41 190 33 114 53 534.000000 20.000000 0.742698 0.901522 0 2 7447.394679
1 5304 6356761 5554 539703 9025 10627 231 101 474 104 179 57 363.000000 110.000000 0.517832 0.957451 0 2 6493.642640
1 3425 3171044 3573 501479 3396 6625 373 175 422 87 197 90 395.000000 24.000000 0.549374 0.893398 0 2 7702.914084
1 15063 16304516 13380 1546403 17361 27214 1229 616 811 370 891 133 272.000000 144.000000 0.380420 0.913582 0 2 7364.135275
1 375 153727 635 70865 490 935 75 24 200 15 85 39 517.000000 21.000000 0.777444 0.851485 0 2 8134.307030
1 568 152179 1072 123465 721 1540 100 41 427 43 129 52 425.000000 54.000000 0.591099 0.878049 0 2 6989.445420
1 6814 10222618 6149 442216 7105 12875 88 29 366 43 120 52 461.000000 35.000000 0.641168 0.986423 0 2 6842.974331
1 225 37945 334 34220 221 466 93 20 67 10 62 37 612.000000 6.000000 0.854749 0.667263 0 2 8144.715969
1 7559 5744364 7516 2016349 7518 14368 232 81 546 302 824 85 426.000000 64.000000 0.592490 0.937711 0 2 7514.663388
1 166 65771 218 40922 111 187 43 2 28 1 114 11 541.000000 11.000000 0.837461 0.375000 0 1 1488.000309
1 108 28449 169 21160 96 219 58 15 37 2 8 11 646.000000 6.000000 0.898470 0.581227 0 1 6857.290603
1 179 46335 296 36405 87 258 214 62 30 10 18 11 502.000000 11.000000 0.885362 0.092632 0 1 7212.838521
1 196 49509 318 41714 120 377 136 37 43 13 29 13 632.000000 11.000000 0.881450 0.468872 0 1 4626.453427
1 68 9803 136 17731 30 104 99 26 16 4 8 9 487.000000 10.000000 0.915413 0.024510 0 1 2755.848827
1 237 45200 380 58091 103 363 251 71 28 11 22 11 625.000000 11.000000 0.870474 0.181524 0 1 5885.986159
1 110 22823 147 19012 89 209 48 10 27 3 12 14 638.000000 4.000000 0.912732 0.626459 0 1 6350.012022
1 118 29713 225 26625 52 171 170 47 36 7 11 10 630.000000 11.000000 0.902579 0.002915 0 1 10870.449736
1 71 17070 117 14016 65 143 45 9 21 2 6 10 663.000000 9.000000 0.922114 0.521277 0 1 7330.613978
1 37 5560 79 11277 33 84 32 4 16 4 4 5 676.000000 8.000000 0.940195 0.448276 0 1 2043.181631
1 86 22241 152 18313 79 190 48 12 40 0 2 12 649.000000 7.000000 0.902643 0.596639 0 1 5495.431844
1 61 8225 88 9136 43 119 30 0 1 1 9 9 630.000000 9.000000 0.902579 0.597315 0 1 0.056744
1 46 7020 101 10353 28 107 40 7 30 1 6 10 623.000000 6.000000 0.897695 0.455782 0 1 11405.718489
1 141 26587 189 23381 137 278 52 14 17 3 20 10 637.000000 4.000000 0.892157 0.684848 0 1 6197.341293
1 56 10615 106 13225 22 124 38 5 31 1 10 10 633.000000 5.000000 0.913420 0.530864 0 1 3554.664887
1 185 32550 225 62330 169 345 65 20 13 0 16 11 647.000000 9.000000 0.899861 0.682927 0 1 10211.722860
1 7027 5315847 6622 1029530 7778 12864 785 385 351 116 443 52 443.000000 75.000000 0.616134 0.884973 0 1 8937.556773
1 1071 550789 1095 234335 785 2003 163 67 52 25 93 17 564.000000 11.000000 0.784423 0.849492 0 1 8939.729388
1 263 114493 447 57890 56 658 52 13 103 17 10 12 623.000000 11.000000 0.870112 0.853521 0 1 5159.733538
1 124 51399 198 27614 0 298 24 0 14 7 2 3 654.000000 6.000000 0.936963 0.850932 0 1 5747.595276
1 729 239572 872 155943 433 1317 93 33 87 15 254 39 574.000000 14.000000 0.822350 0.764522 0 2 6987.320397
1 6395 5645610 6337 733494 8587 11822 842 412 676 224 575 89 353.000000 94.000000 0.497884 0.862394 0 1 6557.727269
1 451 173390 595 64022 532 979 67 31 56 25 84 18 426.000000 18.000000 0.756661 0.871893 0 1 5227.759270
1 1019 478312 995 116344 925 1831 183 91 48 63 101 9 569.000000 18.000000 0.856928 0.818272 0 1 6078.776485
1 54 13285 65 8668 49 108 11 4 4 4 8 5 406.000000 4.000000 0.944186 0.815126 0 1 9436.998873
1 96 45110 169 14480 132 232 33 16 16 0 56 9 653.000000 5.000000 0.951895 0.750943 0 1 5067.140442
1 10 714 14 882 6 12 12 6 1 3 3 5 507.000000 3.000000 0.986381 0.000000 0 1 0.034168
1 658 588383 586 56736 200 1205 39 13 27 3 34 12 464.000000 14.000000 0.904483 0.937299 0 1 8600.575651
1 13 988 15 1125 0 0 28 0 0 0 0 2 665.000000 1.000000 0.977941 1.000000 0 0 0.000000
1 6 456 9 766 0 0 15 0 0 0 0 2 570.000000 1.000000 0.984456 1.000000 0 0 0.000000
2 1307 892818 1545 278384 1740 2690 100 30 335 77 183 56 560.000000 40.000000 0.785414 0.908135 0 2 2192.667711
2 731 242132 1324 517740 797 2015 14 6 453 16 66 30 435.000000 50.000000 0.614407 0.973723 0 2 1271.407771
2 382 247480 1108 116181 348 1474 16 8 720 8 23 25 461.000000 38.000000 0.647472 0.978523 0 2 1000.489996
2 242 95654 419 176582 300 652 9 3 118 4 16 13 591.000000 11.000000 0.834746 0.972769 0 2 2097.691649
2 583 341771 970 134569 370 1511 42 16 415 8 36 31 572.000000 55.000000 0.795549 0.945911 0 2 1421.191495
2 186 84775 325 51402 107 484 27 6 105 6 31 25 588.000000 32.000000 0.820084 0.894325 0 2 2193.346480
2 384 161415 669 86582 190 1015 30 9 196 11 73 27 466.000000 64.000000 0.700752 0.935423 0 2 1705.313701
2 0 0 17 1052 0 15 2 0 15 0 0 3 702.000000 4.000000 0.976356 0.764706 0 1 1.359742
2 124 46714 172 14181 163 256 38 8 32 6 55 21 528.000000 24.000000 0.890388 0.736486 0 2 2738.029549
2 78 9325 112 9948 110 147 43 11 31 1 25 14 476.000000 30.000000 0.888060 0.547368 0 2 2613.713697
2 37 7533 59 6891 0 87 9 4 21 0 0 4 675.000000 5.000000 0.940111 0.812500 0 1 912.212340
2 10 1001 23 1404 0 26 7 0 14 1 2 5 591.000000 4.000000 0.964111 0.575758 0 1 1.000006
2 0 0 21 1276 0 20 1 0 20 0 0 2 639.000000 4.000000 0.968182 0.904762 0 1 1.609349
2 2655 1674901 3195 547217 3659 5556 123 59 262 279 399 64 444.000000 51.000000 0.736318 0.928718 0 2 7609.204020
2 2412 1087543 3232 468332 3168 5546 98 47 283 455 459 58 444.000000 26.000000 0.617524 0.965273 0 2 8027.423941
2 21931 28362225 17812 1790284 23403 39632 111 56 562 855 1041 91 166.000000 112.000000 0.230876 0.994414 0 2 8217.661755
2 4671 5231023 3911 503950 5098 8449 133 64 215 94 333 89 417.000000 60.000000 0.584853 0.969005 0 2 7679.747284
2 933 458688 1060 190769 1354 1928 65 30 118 53 148 46 555.000000 22.000000 0.772981 0.934772 0 2 7116.514184
2 63898 57426311 33624 2949958 321 97396 48 24 96 36 95 42 429.000000 172.000000 0.602528 0.998216 0 2 4588.253036
2 116167 109687681 69019 5119933 884 185136 50 23 63 102 65 32 82.000000 255.000000 0.114047 0.999460 0 2 5996.427848
2 33572 33138345 18839 2010797 36159 52200 211 105 529 430 730 84 150.000000 165.000000 0.208623 0.991948 0 2 8317.096274
2 24510 24877207 17513 1984658 30021 41420 226 111 808 555 1463 97 143.000000 348.000000 0.199442 0.980273 0 2 7459.528065
2 19588 18884969 8667 883331 1399 28103 80 31 209 81 283 37 381.000000 96.000000 0.531381 0.991789 0 2 6195.292692
2 72913 72189393 24933 1582330 285 97783 23 7 91 36 67 20 451.000000 52.000000 0.627260 0.999121 0 2 3609.699817
2 49654 48727698 17301 1065484 706 66701 14 6 115 36 227 25 404.000000 37.000000 0.561891 0.995997 0 2 5314.573412
2 4829 4143636 2867 485814 1975 7555 137 48 285 69 143 32 502.000000 102.000000 0.704067 0.963877 0 2 1995.673305
2 34 7117 80 5255 6 107 7 2 45 4 2 9 631.000000 9.000000 0.927941 0.877193 0 2 1461.094494
2 87 24411 101 10662 14 158 30 15 20 4 9 6 645.000000 9.000000 0.926724 0.680851 0 2 14446.041160
2 28425 25697217 14663 1817598 1071 42928 160 71 579 154 371 19 331.000000 72.000000 0.460362 0.992573 0 2 8425.319091
2 10828 9457247 7349 934848 4270 18047 130 53 292 293 363 46 328.000000 112.000000 0.456189 0.985696 0 2 8006.779608
2 5499 4065243 3748 583614 588 9128 119 47 159 265 199 30 368.000000 36.000000 0.511822 0.974262 0 2 7136.747958
2 38568 37191902 8198 1441898 29 46647 119 39 273 134 242 10 279.000000 121.000000 0.388039 0.994911 0 2 5133.656950
2 10357 9843214 4176 314305 9 14479 54 19 77 30 80 10 434.000000 41.000000 0.603616 0.992569 0 2 6228.760384
2 19929 20149402 12027 1094817 9381 30891 261 107 250 220 1044 62 370.000000 76.000000 0.514604 0.958505 0 2 3355.798237
2 1472 629091 2017 257428 51 3326 102 20 424 100 336 31 410.000000 38.000000 0.570236 0.924047 0 2 6436.040442
1 102 24831 158 16143 137 212 38 3 33 31 28 13 617.000000 13.000000 0.906021 0.669231 0 1 12.136808
1 216 48256 342 59252 382 498 50 2 54 55 73 14 599.000000 15.000000 0.840112 0.802867 0 1 19.034452
1 238 64572 368 56272 400 515 91 6 60 48 98 14 573.000000 11.000000 0.796940 0.699670 0 1 21.348920
1 402 60893 601 112597 750 885 108 4 107 82 139 14 507.000000 30.000000 0.706128 0.774676 0 1 37.510109
1 4418 4751516 3857 384351 3286 7857 408 135 615 256 360 73 320.000000 62.000000 0.447552 0.900181 0 1 118.592046
1 15614 23325636 12144 1232462 24204 27521 226 61 475 307 570 83 237.000000 97.000000 0.329624 0.983320 0 1 92.894300
1 375 95194 729 100573 621 954 140 35 259 33 101 35 468.000000 33.000000 0.652720 0.737319 0 1 34.890703
1 577 222928 850 311238 706 1302 125 18 246 52 154 28 453.000000 19.000000 0.638928 0.824807 0 1 34.343699
1 193 45068 486 41871 277 605 64 17 239 22 61 29 525.000000 16.000000 0.730181 0.796760 0 1 28.724697
1 681 763124 875 69319 1086 1465 81 11 216 12 38 25 516.000000 22.000000 0.718663 0.889460 0 1 24.583129
1 127 22990 402 34052 168 469 50 9 241 31 39 22 538.000000 11.000000 0.758815 0.792060 0 1 31.571189
1 110 29845 373 34655 141 411 61 9 217 11 23 22 556.000000 9.000000 0.773296 0.724638 0 1 23.774559
1 93 9071 346 27514 125 387 52 8 213 10 34 18 564.000000 9.000000 0.784423 0.763098 0 1 22.967463
1 268 156250 478 48959 318 675 61 15 227 19 34 25 529.000000 10.000000 0.735744 0.823056 0 1 27.039510
1 171 40606 407 38827 165 475 93 10 212 10 34 21 528.000000 13.000000 0.734353 0.660900 0 1 23.222930
1 110 44953 356 27793 151 408 48 8 215 12 30 19 570.000000 10.000000 0.792768 0.772532 0 1 23.403956
1 69 7537 337 26141 114 354 42 5 220 4 30 16 573.000000 7.000000 0.799163 0.768473 0 1 23.182512
1 104 14302 357 28234 147 409 52 10 216 4 36 19 542.000000 8.000000 0.764457 0.774403 0 1 24.684969
1 114 12732 382 31321 188 439 46 7 223 10 41 19 538.000000 7.000000 0.767475 0.792339 0 1 26.197442
1 118 35452 393 36800 137 441 60 8 223 3 30 19 528.000000 11.000000 0.736402 0.745597 0 1 24.512466
1 93 42502 358 29308 136 395 46 7 210 2 28 17 569.000000 7.000000 0.793584 0.773836 0 1 22.468454
1 167 36993 507 53377 357 602 62 8 229 13 96 22 519.000000 10.000000 0.724860 0.801187 0 1 27.924484
1 251 107365 635 79440 537 771 115 21 238 15 115 27 464.000000 16.000000 0.653521 0.740406 0 1 28.847636
1 5059 4136373 5090 622487 5931 9726 415 147 583 269 652 97 312.000000 38.000000 0.436975 0.917430 0 1 111.997381
1 7087 6731591 5930 783374 7741 12629 378 99 622 220 671 79 279.000000 64.000000 0.392405 0.941154 0 1 130.971117
1 92 20431 404 41344 171 426 60 10 221 7 57 19 554.000000 12.000000 0.772664 0.737903 0 1 24.561665
1 128 28243 396 34726 189 462 52 8 218 5 49 24 539.000000 11.000000 0.749652 0.782443 0 1 24.443645
1 233 109881 733 111977 310 825 141 25 395 21 49 34 416.000000 37.000000 0.580195 0.708075 0 1 42.282902
1 247 41731 740 89206 403 863 113 20 371 29 108 30 432.000000 28.000000 0.602510 0.759878 0 1 43.032825
1 617 768557 896 77953 1019 1356 147 15 256 17 51 31 478.000000 16.000000 0.666667 0.799075 0 1 28.689235
1 177 46998 250 32492 227 365 51 9 22 15 61 20 627.000000 8.000000 0.872045 0.735363 0 1 9.258567
1 1933 3083463 1411 94082 3024 3267 77 4 23 13 67 19 591.000000 8.000000 0.831224 0.953947 0 1 7.082554
1 340 225079 337 40831 369 623 44 6 29 20 43 18 599.000000 9.000000 0.841292 0.855244 0 1 8.631441
1 130 21207 165 25186 139 250 34 1 12 6 25 10 615.000000 6.000000 0.887446 0.732203 0 1 6.337718
1 513 700439 501 43166 808 959 45 3 18 13 66 16 557.000000 16.000000 0.827637 0.901381 0 1 8.695820
1 105 24282 145 19029 151 200 40 3 15 9 25 15 640.000000 6.000000 0.915594 0.640000 0 1 4.639923
1 275 130380 344 40328 205 527 92 9 36 16 73 21 562.000000 10.000000 0.848943 0.702746 0 1 28.359791
1 117 20982 203 23629 200 253 57 10 21 14 49 17 598.000000 11.000000 0.871720 0.612500 0 1 6.969320
1 127 28542 176 23862 125 254 39 1 17 4 37 13 609.000000 7.000000 0.892962 0.709571 0 1 11.661607
1 83 21551 140 16918 129 165 47 2 10 4 30 13 594.000000 7.000000 0.897281 0.529148 0 1 2.872281
1 123 14235 177 19434 132 237 53 6 48 34 24 17 610.000000 17.000000 0.873926 0.613333 0 1 17.654071
1 97 8357 143 16468 108 184 56 2 36 31 27 11 626.000000 14.000000 0.902017 0.533333 0 1 13.440771
1 121 13713 204 21397 230 258 57 11 26 20 52 19 651.000000 6.000000 0.905424 0.618462 0 1 8.826064
1 86 18184 134 15812 122 172 38 2 19 17 25 12 615.000000 7.000000 0.913819 0.609091 0 1 6.608146
1 270 198344 273 30269 359 493 40 3 36 22 29 14 607.000000 9.000000 0.844228 0.834254 0 1 12.670565
1 130 29605 173 20990 183 253 40 4 27 13 28 16 648.000000 7.000000 0.901252 0.702970 0 1 8.176717
1 80 7718 118 15587 98 138 60 3 18 9 18 12 656.000000 5.000000 0.912378 0.393939 0 1 7.230124
1 133 11789 201 21567 192 280 44 6 53 41 34 13 631.000000 7.000000 0.881285 0.706587 0 1 18.422864
1 100 23612 142 17650 128 192 40 4 20 13 22 12 652.000000 4.000000 0.911888 0.628099 0 1 7.376313
1 162 55327 213 24786 209 323 42 2 27 22 39 15 609.000000 8.000000 0.852941 0.749333 0 1 8.929076
1 100 11457 174 21609 174 221 42 2 28 19 39 15 636.000000 10.000000 0.892006 0.653285 0 1 9.230882
1 119 25290 150 18304 115 206 63 4 37 35 18 12 636.000000 10.000000 0.892006 0.531599 0 1 13.873950
1 273 188055 305 30973 406 489 79 14 37 28 37 25 631.000000 6.000000 0.884993 0.709343 0 1 12.455032
1 80 8214 139 16478 122 168 41 3 22 18 27 12 643.000000 8.000000 0.903090 0.579909 0 1 7.171598
1 10733 10385751 10266 1670440 12712 19979 957 220 1039 314 1124 165 62.000000 307.000000 0.087079 0.905853 0 1 236.731013
1 2938 1087503 3930 2261971 3383 6734 123 31 300 170 561 51 33.000000 413.000000 0.045897 0.962580 0 1 54.872326
1 2217 589105 2952 1692660 2256 5062 97 20 158 120 481 38 68.000000 195.000000 0.094576 0.960534 0 1 31.967958
1 2812 629982 3524 2685439 2782 6251 75 6 90 125 512 22 45.000000 230.000000 0.062587 0.974747 0 1 25.651212
1 4298 3839883 5512 927305 4591 7596 2149 82 715 302 657 269 26.000000 559.000000 0.036161 0.555250 0 1 99.858871
1 2593 687419 4079 1417290 1886 5853 769 27 898 367 500 317 10.000000 720.000000 0.013908 0.761990 0 1 120.297174
1 1808 455959 3247 862929 1573 4903 143 27 904 374 466 300 16.000000 720.000000 0.022253 0.941642 0 1 112.512260
1 9528 10896684 8846 1326361 14113 17433 888 26 823 308 487 266 7.000000 720.000000 0.009736 0.900457 0 1 99.911302
1 1904 507277 2865 1093539 1886 4517 242 29 335 160 498 100 62.000000 374.000000 0.086231 0.896414 0 1 56.125324
1 1714 1167969 2484 554852 2020 3962 221 43 148 141 443 47 39.000000 172.000000 0.069892 0.891139 0 1 34.461793
1 2250 1242246 3048 849443 2796 5068 228 74 189 144 589 67 48.000000 321.000000 0.066759 0.913552 0 1 50.938049
1 1571 495042 2444 765670 1533 3883 122 13 128 112 463 37 96.000000 130.000000 0.133519 0.936737 0 1 33.404700
1 1492 443107 2288 725163 1438 3652 117 10 96 105 483 32 74.000000 279.000000 0.102921 0.935185 0 1 29.090346
1 1305 406590 2043 659910 1230 3235 103 7 81 89 442 23 100.000000 144.000000 0.139082 0.935484 0 1 22.964158
1 1447 434286 2264 699695 1463 3560 141 22 101 103 501 37 110.000000 108.000000 0.152990 0.921315 0 1 29.603692
1 2043 812496 2885 1141455 2218 4721 206 42 155 130 514 54 79.000000 196.000000 0.109875 0.916193 0 1 42.162159
1 2852 1824486 3539 1599702 3411 6229 151 30 135 95 506 45 67.000000 157.000000 0.093185 0.951025 0 1 38.759137
1 1848 579992 2854 1432283 1757 4588 104 7 119 131 472 33 66.000000 263.000000 0.091794 0.953637 0 1 33.292868
1 2267 972238 2934 1418943 2167 5015 176 10 92 99 462 27 67.000000 231.000000 0.093185 0.930398 0 1 25.652450
1 1899 1644853 2456 563538 2252 4160 185 18 154 86 442 48 93.000000 189.000000 0.144860 0.912744 0 1 35.268455
1 2082 1803027 2657 500075 2954 4557 182 47 160 104 630 61 99.000000 159.000000 0.137691 0.923191 0 1 46.168900
1 818 236731 1631 422271 761 2334 105 4 83 130 447 28 121.000000 139.000000 0.168994 0.910167 0 1 23.215789
1 917 236362 1732 403072 865 2494 145 26 95 116 469 37 110.000000 132.000000 0.153203 0.886750 0 1 29.965753
1 822 227393 1615 407163 748 2329 98 3 80 108 457 23 136.000000 92.000000 0.189152 0.915470 0 1 22.122373
1 1499 790527 2191 477935 1352 3500 180 29 198 113 487 45 103.000000 109.000000 0.143454 0.899729 0 1 37.671192
1 1425 477868 2356 489033 1485 3484 296 71 208 140 566 71 94.000000 149.000000 0.130737 0.843163 0 1 64.281611
1 1705 1108805 2335 469240 1538 3856 174 25 207 119 509 43 92.000000 195.000000 0.127955 0.911386 0 1 39.552905
1 4336 2669635 4878 2508786 4289 8988 216 56 234 127 561 63 55.000000 273.000000 0.076495 0.952030 0 1 50.895355
1 3442 2993187 4188 1856632 4244 7455 164 37 217 113 528 49 57.000000 369.000000 0.079387 0.955570 0 1 46.577460
1 1942 591450 2865 1593840 1924 4674 123 14 89 98 502 35 66.000000 176.000000 0.091794 0.946744 0 1 24.598254
1 2337 959590 3231 1541500 2578 5360 208 55 154 107 577 60 55.000000 319.000000 0.076495 0.925287 0 1 46.237361
1 1402 383617 2358 688670 1272 3596 154 29 139 124 524 41 84.000000 210.000000 0.116829 0.915426 0 1 30.332995
1 2355 1449135 3246 637927 2238 5336 255 57 398 136 630 69 81.000000 212.000000 0.112656 0.907159 0 1 72.766208
1 2776 2000357 3788 589435 2231 6107 445 99 523 153 608 72 94.000000 195.000000 0.130919 0.862584 0 1 98.753640
1 2808 1171604 3539 1243505 2352 6038 298 42 300 214 620 58 127.000000 118.000000 0.177374 0.904364 0 1 71.923729
1 4371 1772654 5083 3068688 4508 9182 271 82 238 193 692 79 113.000000 86.000000 0.157163 0.942564 0 1 62.477451
1 1417 526817 2163 705613 1414 3453 119 17 140 135 540 43 160.000000 69.000000 0.222531 0.931285 0 1 35.140055
1 710 199126 1442 354525 741 2042 100 3 80 81 452 22 185.000000 50.000000 0.258020 0.902416 0 1 25.083781
1 948 280525 1732 395034 1166 2497 173 43 120 127 515 36 183.000000 53.000000 0.255230 0.867164 0 1 34.876206
1 1584 451046 2619 1319610 1828 3998 195 49 204 141 562 53 96.000000 178.000000 0.133705 0.904830 0 1 49.599919
1 1744 694643 2668 1284581 2108 4250 161 34 190 124 561 51 106.000000 96.000000 0.147427 0.926791 0 1 53.456981
1 1324 421653 2289 1135590 1367 3483 120 15 152 121 462 24 92.000000 200.000000 0.128134 0.930805 0 1 32.352079
1 1488 395872 2192 1268502 1504 3572 98 4 83 88 446 21 113.000000 128.000000 0.157163 0.944022 0 1 25.162771
1 1344 358660 2066 1151679 1345 3298 102 3 77 90 452 19 114.000000 74.000000 0.158554 0.937243 0 1 22.227568
1 1352 356582 2144 1284395 1393 3385 101 4 83 80 449 19 128.000000 58.000000 0.178273 0.939359 0 1 23.474635
1 1278 409970 2027 834754 1445 3155 150 28 150 83 505 46 175.000000 46.000000 0.244073 0.909228 0 1 43.745986
1 724 197014 1422 344910 784 2028 107 11 85 87 458 27 176.000000 161.000000 0.245125 0.895154 0 1 24.965155
1 739 195881 1433 353880 768 2053 109 7 79 79 456 23 187.000000 38.000000 0.260083 0.895028 0 1 24.850883
1 674 194318 1394 366090 671 1960 98 1 77 77 448 17 186.000000 46.000000 0.258693 0.900387 0 1 21.402361
1 709 257411 1414 351365 775 2017 96 7 83 77 455 23 186.000000 77.000000 0.258693 0.904852 0 1 23.371860
1 2747 2046737 3717 619250 2622 6124 330 52 499 168 721 58 77.000000 262.000000 0.107093 0.896349 0 1 104.714144
1 75064 126260374 53809 3383531 126986 128429 436 194 537 170 920 145 227.000000 255.000000 0.315716 0.993172 0 1 125.445299
1 12922 14158453 10876 1655291 16499 22919 879 424 569 352 1073 148 350.000000 51.000000 0.486787 0.926128 0 1 162.653035
1 2959 3323362 1935 424986 1268 4841 53 26 56 23 146 32 550.000000 54.000000 0.768156 0.978341 0 1 17.244490
1 17592 19221289 15299 1875345 20364 32058 833 422 853 280 1397 115 359.000000 70.000000 0.516547 0.949348 0 1 207.356112
1 14818 16638975 12819 2164050 19608 26961 672 347 651 196 1303 121 394.000000 99.000000 0.547983 0.951225 0 1 179.670587
1 9258 12379156 7780 1290138 15877 16855 160 79 436 91 533 54 448.000000 59.000000 0.625698 0.979869 0 1 87.661893
1 11055 8465372 10370 2169126 14750 20505 916 438 938 410 1640 156 371.000000 50.000000 0.516713 0.914306 0 1 3896.892501
1 6265 4613923 5833 862279 7078 11597 501 249 400 209 845 86 494.000000 32.000000 0.687065 0.917176 0 1 1765.425003
1 11503 10575321 10574 1512262 14530 21495 582 296 943 312 1364 180 392.000000 55.000000 0.545202 0.947275 0 1 217.758986
1 2621 2045862 2409 426000 3096 4962 68 35 202 104 400 51 497.000000 18.000000 0.692201 0.972962 0 1 58.805920
1 570 569921 513 74154 748 1036 47 25 36 8 56 29 584.000000 6.000000 0.828369 0.913204 0 1 7.274172
1 1272 1399069 955 141167 1469 2183 44 22 34 16 94 28 581.000000 11.000000 0.809192 0.960485 0 1 11.714045
1 798 704639 712 111916 877 1425 85 27 39 13 69 34 554.000000 9.000000 0.782486 0.887417 0 1 10.366080
1 1843 2428791 1363 143035 2066 3159 47 23 66 13 85 35 572.000000 17.000000 0.798883 0.970680 0 1 18.013616
1 299 97557 356 62441 459 608 47 23 39 17 66 29 582.000000 6.000000 0.825532 0.856489 0 1 8.554347
1 331 113106 400 64708 543 655 76 38 38 9 72 32 589.000000 10.000000 0.823776 0.792066 0 1 9.722215
1 5033 3583673 4516 1362102 6141 9133 416 225 303 137 598 85 456.000000 31.000000 0.653295 0.912870 0 1 86.111368
1 982 400970 937 151949 1199 1798 121 61 84 46 157 35 546.000000 28.000000 0.769014 0.873893 0 1 25.266000
1 6218 3361480 5753 1670214 6518 11462 509 237 485 322 904 93 492.000000 26.000000 0.701854 0.914961 0 1 138.550112
1 678 156157 646 126788 1140 1248 76 38 85 76 174 31 593.000000 9.000000 0.836389 0.885196 0 1 24.535688
1 787 810313 669 83888 953 1376 80 22 35 12 84 30 584.000000 14.000000 0.815642 0.890110 0 1 10.099505
1 306 114660 335 57041 453 607 34 17 27 8 46 26 608.000000 6.000000 0.847978 0.893916 0 1 7.360407
1 12630 12992527 11137 2191173 12894 23053 714 341 600 403 1092 123 475.000000 40.000000 0.660640 0.939917 0 1 4114.539378
1 4644 4169139 4641 789616 7946 8893 392 194 447 115 814 109 412.000000 38.000000 0.575419 0.915563 0 1 120.548925
1 479 239318 486 72359 700 881 84 41 45 25 88 39 564.000000 10.000000 0.815029 0.825907 0 1 13.062168
1 1860 1825513 1399 127013 2545 2688 571 45 51 31 106 73 569.000000 15.000000 0.802539 0.649586 0 1 14.719601
1 5431 3990902 5089 722406 5744 10257 263 132 414 248 682 84 521.000000 36.000000 0.726639 0.950000 0 1 113.710974
1 6758 7910482 5755 778798 6994 12265 248 127 236 107 415 55 286.000000 21.000000 0.709677 0.960361 0 1 66.518734
1 21437 28571638 16041 2185031 21916 37125 353 177 435 319 795 106 449.000000 30.000000 0.630618 0.981162 0 1 121.411179
1 18268 27655301 11866 1017864 18499 30040 94 46 55 21 116 42 532.000000 30.000000 0.739917 0.993761 0 1 16.180225
1 34 9671 24 22830 0 58 0 0 3 0 4 3 691.000000 1.000000 0.989971 1.000000 0 1 0.001303
1 34 9671 25 23529 0 58 1 0 3 0 4 4 690.000000 1.000000 0.988539 0.966102 0 1 0.001303
1 26 6818 27 20677 0 42 11 0 2 0 4 4 494.000000 4.000000 0.968627 0.584906 0 1 0.001955
1 35 9723 26 23642 0 59 2 0 3 0 4 4 689.000000 2.000000 0.987106 0.934426 0 1 0.001303
1 41 10920 34 29837 0 69 6 0 4 0 6 5 688.000000 1.000000 0.985673 0.840000 0 1 0.433014
1 2 151 3 212 0 3 2 0 0 0 1 2 382.000000 1.000000 0.994792 0.200000 0 0 0.000000
1 42 9420 32 25912 0 66 8 0 4 0 8 3 702.000000 4.000000 0.983193 0.783784 0 1 0.500001
1 36 9881 26 23070 0 58 4 0 3 0 4 4 689.000000 4.000000 0.987106 0.870968 0 1 0.001303
1 25 3782 23 13294 0 30 18 0 2 2 6 4 597.000000 4.000000 0.978689 0.250000 0 1 0.001955
1 30 7291 21 14120 0 41 10 0 2 0 4 4 587.000000 4.000000 0.979967 0.607843 0 1 0.001955
1 22 4561 22 16652 0 34 10 0 2 0 4 4 671.000000 2.000000 0.986765 0.545455 0 1 0.500004
1 19 4305 12 4758 0 15 15 2 1 0 0 5 664.000000 4.000000 0.983704 0.000000 0 1 0.003910
1 75 15083 54 33074 13 115 14 0 7 5 14 5 630.000000 5.000000 0.970724 0.782946 0 1 1340.395764
1 17 3578 17 11404 0 22 12 0 1 0 2 4 655.000000 1.000000 0.986446 0.294118 0 1 0.003910
1 14 3261 14 11042 0 22 6 0 1 0 2 4 683.000000 1.000000 0.991292 0.571429 0 1 0.003910
1 168 181965 151 38783 0 287 32 0 6 44 10 6 579.000000 8.000000 0.913249 0.799373 0 1 13291.891242
1 33 5225 24 17482 9 43 14 0 2 1 4 4 692.000000 1.000000 0.985755 0.508772 0 1 0.500004
1 38 7700 21 14125 8 49 10 0 2 0 4 4 604.000000 4.000000 0.982114 0.661017 0 1 0.001955
1 17 3413 12 9644 3 25 4 0 1 0 2 2 596.000000 1.000000 0.993333 0.724138 0 1 0.003910
1 31 7124 17 13641 5 46 2 0 2 0 4 3 628.000000 4.000000 0.988976 0.916667 0 1 0.001955
1 17 3413 13 10343 3 25 5 0 1 0 2 3 595.000000 1.000000 0.991667 0.666667 0 1 0.003910
1 19 3977 7 4131 5 24 2 0 1 0 2 2 601.000000 4.000000 0.991749 0.846154 0 1 0.003910
1 17 3413 12 9644 3 25 4 0 1 0 2 2 596.000000 1.000000 0.993333 0.724138 0 1 0.003910
1 19 3977 7 4131 5 24 2 0 1 0 2 2 601.000000 4.000000 0.991749 0.846154 0 1 0.003910
1 23 4557 20 16420 3 36 7 0 2 0 4 3 593.000000 2.000000 0.988333 0.674419 0 1 0.500004
1 19 3977 7 4131 5 24 2 0 1 0 2 2 601.000000 4.000000 0.991749 0.846154 0 1 0.003910
1 17 3413 12 9644 3 25 4 0 1 0 2 2 596.000000 1.000000 0.993333 0.724138 0 1 0.003910
1 19 3977 7 4131 5 24 2 0 1 0 2 2 601.000000 4.000000 0.991749 0.846154 0 1 0.003910
1 17 3413 13 10343 3 25 5 0 1 0 2 3 595.000000 1.000000 0.991667 0.666667 0 1 0.003910
1 19 3977 7 4131 5 24 2 0 1 0 2 2 601.000000 4.000000 0.991749 0.846154 0 1 0.003910
1 17 3413 12 9644 3 25 4 0 1 0 2 2 596.000000 1.000000 0.993333 0.724138 0 1 0.003910
1 19 3977 7 4131 5 24 2 0 1 0 2 2 601.000000 4.000000 0.991749 0.846154 0 1 0.003910
1 737 110120 984 80621 705 1281 435 222 34 16 31 26 389.000000 28.000000 0.543296 0.491575 0 1 7.020053
1 9353 14879983 6409 534589 9267 15431 321 166 15 14 12 16 378.000000 38.000000 0.525730 0.958635 0 1 4.079217
1 323 27094 345 28024 302 622 38 12 4 3 9 13 571.000000 12.000000 0.799720 0.874251 0 1 0.433194
1 1139 405951 1923 161905 1056 1509 1532 755 61 68 68 50 366.000000 163.000000 0.509040 0.007511 0 1 8897.918915
1 1241 184028 2181 217550 1349 1862 1560 777 94 75 100 45 197.000000 72.000000 0.273992 0.088252 0 1 22.780034