2 77297 78650915 67305 9847890 90090 132160 10596 1661 4311 2405 4909 1326 -1.000000 720.000000 -0.001391 0.840680 0 4 20571.541823
2 161829 196529377 128611 12599762 227636 277269 12134 2262 6954 4661 6941 1274 -1.000000 720.000000 -0.001391 0.912874 0 4 19496.028725
2 48054 55734025 44892 5103376 62115 83319 8525 1425 6725 1026 2933 1500 -1.000000 720.000000 -0.001391 0.804704 0 4 15795.835323
2 52497 58961868 50252 5776240 65817 92262 9454 1455 7181 1121 3626 1517 -1.000000 720.000000 -0.001391 0.805925 0 4 14616.803395
2 78188 79232656 70628 11246906 84009 135884 11460 1570 8328 2283 4580 1683 -1.000000 720.000000 -0.001391 0.836093 0 5 13069.075213
2 134000 152534172 113897 14279919 174750 238319 8647 1225 7004 1690 4092 1456 -1.000000 633.000000 -0.001582 0.926482 0 4 9909.912788
2 350692 457649292 265827 17211033 579271 606190 8688 932 5864 974 2796 1468 -1.000000 720.000000 -0.001391 0.969154 0 4 11237.085258
2 344977 447307410 267103 15670773 582515 601088 9523 1004 5842 941 2291 1378 -1.000000 720.000000 -0.001391 0.966483 0 4 12392.043189
2 247097 317295983 209977 15083340 421960 445698 9274 1106 4733 1145 2767 1135 -1.000000 720.000000 -0.001391 0.954821 0 4 13088.353957
2 36605 28291763 37711 6892845 40563 56745 15367 1124 3073 708 3617 773 -1.000000 720.000000 -0.001391 0.556785 0 4 21460.354883
2 30858 19866981 35223 6907402 27458 50919 13743 1504 2945 646 3210 882 -1.000000 720.000000 -0.001391 0.562582 0 4 17497.483377
2 37527 36115185 35329 5082095 44375 66425 6071 917 1846 1114 3104 588 -1.000000 434.000000 -0.002309 0.828401 0 4 13304.597979
2 48781 49068829 47925 6585851 55746 87961 8492 1312 2676 1380 4225 716 -1.000000 720.000000 -0.001391 0.821759 0 4 17238.485868
2 13634 7874432 17164 2693138 11413 24141 6241 1076 1817 454 1738 631 -1.000000 720.000000 -0.001391 0.581207 0 4 18307.370844
2 18098 10604934 21868 3469294 17265 30917 8610 1049 1961 803 2815 658 -1.000000 720.000000 -0.001391 0.558149 0 4 18414.413273
2 34592 33453542 33228 4033373 42006 59525 8026 1733 2550 1025 2790 756 -1.000000 720.000000 -0.001391 0.759348 0 4 17611.942518
2 22835 13404889 25667 6773796 26369 42212 6028 1169 1923 693 2208 649 -1.000000 720.000000 -0.001391 0.746031 0 4 19161.097598
2 51894 39420056 50981 10962711 53511 94408 8005 1200 3140 2318 3968 727 -1.000000 720.000000 -0.001391 0.839883 0 4 17191.649010
2 86366 77775906 74807 17086590 91871 145828 13214 2003 4108 1553 5377 1267 -1.000000 720.000000 -0.001391 0.822805 0 4 17605.930325
2 81261 90445611 68796 10201682 104997 140416 9152 2419 4376 1615 6172 1056 -1.000000 720.000000 -0.001391 0.874761 0 4 21347.648818
2 62230 72192161 50433 5550762 68105 103611 8539 1437 2811 1422 3711 846 -1.000000 720.000000 -0.001391 0.843862 0 4 18515.127918
2 67053 67242953 57413 10801928 72157 115424 8806 1793 3251 985 5276 755 -1.000000 720.000000 -0.001391 0.856603 0 4 18314.069424
2 92304 104607302 74428 11994124 119848 159523 6771 1163 3262 1324 4251 788 -1.000000 720.000000 -0.001391 0.916153 0 4 12667.190482
2 34468 41303788 25830 3180367 41525 56018 3963 552 1293 475 1942 556 -1.000000 399.000000 -0.002513 0.863296 0 4 11146.370416
2 59084 64706556 49899 8262967 75454 100109 8288 1594 2786 957 4332 891 -1.000000 720.000000 -0.001391 0.842526 0 4 12486.437758
2 75117 85419370 58466 8380222 86781 117082 15613 1686 2874 711 4698 905 -1.000000 720.000000 -0.001391 0.759595 0 4 15852.412316
2 74179 81419183 58458 6432615 18666 109506 18351 895 1986 764 2661 889 -1.000000 468.000000 -0.002141 0.687252 0 4 14424.359551
2 355890 393251667 308371 27301757 58610 554144 102446 2059 8450 3997 7240 2199 -1.000000 720.000000 -0.001391 0.680001 0 5 9672.871290
2 356631 423874746 341554 27209688 46326 656764 34833 1697 6383 4868 6331 2115 -1.000000 720.000000 -0.001391 0.890783 0 5 15481.067117
2 347457 414264688 336915 26234034 26874 646738 32241 1744 7333 3870 5036 2299 -1.000000 720.000000 -0.001391 0.897899 0 5 13611.378153
2 367575 430951451 318360 26885918 26297 642135 38004 1581 4893 3338 4191 2128 -1.000000 720.000000 -0.001391 0.880741 0 4 13757.147652
2 35108 29151140 36390 4735798 17745 59723 10349 1263 2326 1771 2827 1581 -1.000000 720.000000 -0.001391 0.690565 0 5 16216.566601
2 42070 34464473 43649 7117980 49448 76205 8248 1326 3303 1406 4368 931 -1.000000 720.000000 -0.001391 0.792788 0 4 21441.672974
2 138181 149757061 127061 15762990 162273 251240 13107 2063 5916 4320 8337 1156 -1.000000 720.000000 -0.001391 0.897795 0 4 21066.315704
2 132129 153242267 119388 15296311 152022 240582 10189 2282 8961 3593 7205 1020 -1.000000 720.000000 -0.001391 0.916014 0 4 24447.993369
2 66769 68859305 67014 10607930 71118 124991 8329 1069 6237 2018 4704 1016 -1.000000 535.000000 -0.001873 0.872024 0 4 24717.643383
2 38575 27425213 41595 12080785 37331 68083 11426 1458 3581 1416 4212 1009 -1.000000 720.000000 -0.001391 0.706711 0 4 23380.891145
2 170858 218608235 138689 12174056 210989 270544 36077 1228 3912 1900 4843 1139 -1.000000 720.000000 -0.001391 0.757452 0 4 25238.866184
2 241656 330591144 173082 12430699 328239 344235 68508 1079 2399 1824 2231 837 -1.000000 720.000000 -0.001391 0.664822 0 4 24778.312459
2 193185 246022830 141885 13229594 127432 139902 193299 1108 2196 432 2623 640 -1.000000 720.000000 -0.001391 0.159361 0 4 22952.252217
2 311240 357081742 228552 24310346 38516 66643 469985 1669 3076 1306 4257 991 -1.000000 720.000000 -0.001391 0.747217 0 4 20750.046865
2 240774 236075031 164719 17422463 72954 123439 278507 1786 3458 1295 5161 1073 -1.000000 720.000000 -0.001391 0.382418 0 4 21727.043286
2 126839 145162731 89239 9521609 112229 178786 33083 1350 3065 977 4284 927 -1.000000 720.000000 -0.001391 0.674307 0 4 22464.351667
2 93277 101525125 68408 8363665 70027 112003 44515 1013 2141 543 2547 826 -1.000000 720.000000 -0.001391 0.417404 0 4 22106.569345
2 80547 81437036 60034 7479620 55081 91468 45108 1167 2269 589 2387 750 -1.000000 720.000000 -0.001391 0.329774 0 4 19894.999231
2 105232 112859119 77928 8816805 92731 129494 47812 1653 2699 960 2920 1019 -1.000000 720.000000 -0.001391 0.445960 0 4 21268.600606
2 106336 110450224 70544 9841175 81050 113795 55786 1075 2782 782 3387 902 -1.000000 720.000000 -0.001391 0.327957 0 4 22882.249906
2 98235 104909254 67853 7620504 73506 114473 46319 879 2676 660 2754 825 -1.000000 720.000000 -0.001391 0.410349 0 4 22223.795071
2 75799 72719794 47443 5992393 56875 81651 36258 1319 2363 352 2436 789 -1.000000 720.000000 -0.001391 0.368324 0 4 18580.584385
2 52254 45808100 39874 7639600 40795 58874 28703 1106 2252 534 2261 819 -1.000000 720.000000 -0.001391 0.327490 0 4 20099.845884
2 83526 79525564 67014 6774271 114947 136281 13867 894 5823 1245 4267 1192 -1.000000 720.000000 -0.001391 0.813166 0 4 10487.445016
2 114826 103901203 84502 8414008 97909 117962 80924 877 5865 1462 5124 1142 -1.000000 720.000000 -0.001391 0.185814 0 4 7832.720995
2 111813 122307456 75414 6167918 159755 182006 4864 751 4414 1082 3525 828 -1.000000 720.000000 -0.001391 0.946135 0 4 5266.899660
2 20154 12064947 22188 3002852 22455 33696 7974 478 4313 570 2448 585 -1.000000 720.000000 -0.001391 0.607482 0 4 3635.230550
2 44125 30874363 41699 8674892 48810 76957 8241 642 5083 942 3115 717 -1.000000 720.000000 -0.001391 0.800662 0 4 1804.618572
2 51065 29059070 49280 13142200 57723 96826 3223 555 5208 1254 3116 531 -1.000000 720.000000 -0.001391 0.932812 0 4 1022.624032
2 51283 30590031 54209 14447874 50164 83788 20437 599 5029 1060 2938 876 -1.000000 677.000000 -0.001479 0.600529 0 4 3046.573832
2 54608 48593111 45834 5389870 60017 82283 16861 886 6308 1407 3917 927 -1.000000 720.000000 -0.001391 0.651341 0 4 5323.993788
2 68800 73984763 51798 5737801 83702 115445 4639 650 4850 1777 3131 673 -1.000000 720.000000 -0.001391 0.918805 0 4 7530.370268
2 63409 60629077 49923 5524682 68151 98005 14636 750 5884 849 3748 867 -1.000000 720.000000 -0.001391 0.735617 0 4 9581.366326
2 85715 81780520 71735 6627526 86937 127184 29047 724 6287 1340 3904 915 -1.000000 720.000000 -0.001391 0.623290 0 4 12029.219778
2 52973 49836198 45090 4175071 65841 88333 8761 489 4905 958 2739 717 -1.000000 720.000000 -0.001391 0.811438 0 4 14211.224682
2 79695 87510826 58571 3941013 93055 126257 11105 291 4534 415 2104 566 -1.000000 720.000000 -0.001391 0.832829 0 5 15909.401982
2 63466 67229420 47019 3644746 83721 103426 6310 384 4774 602 2015 650 -1.000000 720.000000 -0.001391 0.878997 0 4 17316.224725
2 116698 114140017 78300 6618167 137318 190384 4042 651 5466 706 3742 641 -1.000000 720.000000 -0.001391 0.955610 0 4 18887.539048
2 91292 93663505 61185 4372325 101343 148686 3316 327 5226 1038 2497 551 -1.000000 720.000000 -0.001391 0.953390 0 4 18152.982301
2 89716 99147812 61137 5439981 134845 146393 3741 463 4484 589 2134 551 -1.000000 720.000000 -0.001391 0.945636 0 4 16694.164620
2 127404 153116586 81493 4892098 192410 205803 2533 217 3523 249 1787 344 -1.000000 720.000000 -0.001391 0.973063 0 4 15434.169834
2 116238 133762331 76014 4457094 179370 188976 2722 337 3866 1394 1741 435 -1.000000 720.000000 -0.001391 0.968801 0 5 14354.258735
2 58734 58438147 44638 4115359 49679 79378 23249 366 4327 723 2057 788 -1.000000 720.000000 -0.001391 0.542981 0 4 12916.558001
2 28776 21670679 31028 3539975 23141 37572 21192 370 4313 710 2270 645 -1.000000 720.000000 -0.001391 0.273895 0 4 11408.541867
2 60575 56808954 47044 5058118 83900 100308 5900 706 5344 767 3339 755 -1.000000 720.000000 -0.001391 0.877243 0 4 9434.078525
2 66099 68013076 45864 4616122 82648 108040 2456 574 5345 752 3146 827 -1.000000 720.000000 -0.001391 0.943026 0 4 7341.819873
2 107654 128549026 74869 5731240 163699 180037 1919 376 4597 534 2354 499 -1.000000 720.000000 -0.001391 0.975866 0 5 5607.350565
2 65311 79217269 46302 3633095 90741 109114 1978 385 3961 338 1799 332 0.000000 720.000000 0.000000 0.959888 0 4 4247.299515
2 41710 35699673 39385 8419695 51491 78593 1976 349 4574 483 2288 368 -1.000000 720.000000 -0.001391 0.944781 0 4 2889.034792
2 38409 35612971 30951 4728655 47633 66854 1862 376 4790 648 2799 413 -1.000000 720.000000 -0.001391 0.937024 0 4 1542.190043
2 49532 49515045 37644 3778734 67526 84716 2024 475 4643 835 2809 417 -1.000000 720.000000 -0.001391 0.948564 0 5 764.817738
2 48884 50832263 36432 4074551 62327 83155 1635 432 4526 785 2834 458 0.000000 720.000000 0.000000 0.955507 0 5 1690.708990
2 38549 39224082 30508 3408589 52824 66792 1858 507 4328 594 2112 430 -1.000000 720.000000 -0.001391 0.940296 0 4 3095.924957
2 43947 44636558 36014 3502367 57145 77460 1973 477 4463 530 2502 454 0.000000 720.000000 0.000000 0.944048 0 4 4594.171791
2 16512 12102674 17746 1945180 18712 32068 1784 369 4171 648 2505 408 0.000000 720.000000 0.000000 0.883998 0 4 6090.611494
2 21194 19590420 26111 2319710 36277 45345 1687 428 4041 483 1973 347 -1.000000 720.000000 -0.001391 0.922905 0 4 7370.770210
2 32059 33456706 37494 2887309 55672 67267 1920 525 4356 461 1978 392 -1.000000 720.000000 -0.001391 0.939528 0 4 8786.058841
2 23593 20855173 28599 3118702 36545 49908 1949 388 4205 446 1576 446 -1.000000 720.000000 -0.001391 0.918896 0 5 10086.769111
2 33233 25520807 33775 7185127 40419 64403 2340 420 3891 618 1832 389 -1.000000 720.000000 -0.001391 0.926203 0 4 11837.701757
2 23602 14708005 27206 6750813 25026 48061 2262 486 4154 634 2385 458 -1.000000 720.000000 -0.001391 0.901413 0 5 13238.185513
2 45499 36121396 43051 14535148 54433 86623 1737 377 4006 797 2014 457 -1.000000 720.000000 -0.001391 0.958622 0 5 14583.023232
2 38284 20774121 37726 18122585 33189 74380 1501 383 2346 381 1700 395 -1.000000 382.000000 -0.002625 0.958808 0 5 15599.785566
2 108784 85421016 96666 45609591 113133 198338 6717 636 4908 1095 3048 932 -1.000000 720.000000 -0.001391 0.932689 0 4 17004.066726
2 76913 57262426 73049 31682190 47517 103305 45944 483 4297 895 2933 890 -1.000000 720.000000 -0.001391 0.382504 0 4 18875.684409
2 35693 19018624 38393 14063494 31999 70209 3527 395 3937 453 1854 420 -1.000000 720.000000 -0.001391 0.900062 0 5 18665.951450
2 45076 47545880 33185 3468677 54249 76841 1182 274 3679 726 1787 421 -1.000000 720.000000 -0.001391 0.966752 0 3 17480.122411
2 34045 36053042 30008 2348334 52084 62640 1067 229 3730 1019 1531 380 -1.000000 720.000000 -0.001391 0.961282 0 3 16425.372708
2 20864 20482560 21616 1905834 32131 41016 1170 214 3593 497 1260 372 -1.000000 720.000000 -0.001391 0.937994 0 3 15391.961281
2 33314 36635815 23408 1687255 48162 55450 910 161 2899 676 891 312 -1.000000 720.000000 -0.001391 0.961532 0 3 14435.069312
2 21884 25140083 15003 989473 30359 36079 564 92 2540 282 415 227 12.000000 720.000000 0.016690 0.962805 0 3 11670.955126
2 35744 44206524 24350 1553466 53246 59101 652 116 2846 693 483 239 4.000000 720.000000 0.005563 0.972626 0 3 11006.544896
2 10588 10087731 11385 884586 15453 20888 879 156 2744 314 597 250 5.000000 720.000000 0.006954 0.910618 0 3 10297.074697
2 78158 101223736 25810 5465054 2863 6871 96691 132 2074 103 346 249 5.000000 720.000000 0.006954 0.863920 0 4 9658.340956
2 30516 42235164 8545 1519723 1815 4612 34048 83 1848 42 186 133 25.000000 610.000000 0.034771 0.753591 0 3 9168.580656
2 1251 251549 3287 297572 1125 3953 275 51 1922 42 182 126 46.000000 406.000000 0.063978 0.810489 0 2 8730.227928
2 157216 256978685 132251 10383613 257465 286011 2929 786 1874 1083 2387 574 -1.000000 720.000000 -0.001391 0.977942 0 2 19601.252093
2 323024 527127013 259198 16239535 560740 579155 2891 655 2678 1255 3024 602 -1.000000 720.000000 -0.001391 0.989767 0 2 21518.288279
2 172087 250736000 118421 8144003 273330 287021 2986 646 2455 1020 3037 558 -1.000000 720.000000 -0.001391 0.977718 0 2 19592.968057
2 97301 138961944 74863 5605402 148377 169269 2678 604 6072 947 1858 1252 -1.000000 720.000000 -0.001391 0.967630 0 2 13833.165459
2 59162 85276522 56692 5165456 89721 112684 3071 801 4649 932 2361 869 -1.000000 720.000000 -0.001391 0.946130 0 3 19763.050763
2 83989 126164933 84248 6657330 136478 164865 3034 743 4123 1318 2872 790 -1.000000 720.000000 -0.001391 0.961923 0 2 16731.980297
2 76306 94588079 74602 8550740 98947 147414 3146 709 6710 1018 2533 1414 -1.000000 720.000000 -0.001391 0.956000 0 2 11714.015313
2 19314 23092015 25072 2234886 30092 41591 2424 460 5125 429 1017 998 -1.000000 720.000000 -0.001391 0.882418 0 2 13595.357966
2 43448 55579833 36469 3263490 57757 77253 2402 504 5348 682 1654 1033 -1.000000 720.000000 -0.001391 0.936609 0 2 15074.962588
2 57111 78621223 61681 6271096 91500 115830 2758 658 6024 1178 2179 1169 1.000000 720.000000 0.001391 0.951849 0 3 12125.456564
2 24207 14442789 31408 7106291 25717 53039 2376 493 5333 930 1706 1036 -1.000000 720.000000 -0.001391 0.910959 0 2 9907.045540
2 17593 22038491 16872 3201167 22752 32017 1897 356 4148 435 702 888 -1.000000 720.000000 -0.001391 0.873930 0 2 11344.182788
2 22505 22812194 27733 3901465 30930 46982 2745 459 4670 832 1188 981 -1.000000 720.000000 -0.001391 0.880549 0 2 10616.622320
2 16251 15743361 15754 2446082 15891 29395 2068 457 2238 546 1020 497 9.000000 720.000000 0.012517 0.853835 0 2 9386.387728
2 6002 3500016 7890 1264932 6307 12142 1744 331 924 215 543 244 25.000000 611.000000 0.037994 0.748488 0 2 11652.611019
2 244212 457487309 229535 14617693 449315 470734 2988 759 2107 825 2457 501 -1.000000 720.000000 -0.001391 0.987333 0 2 12868.492431
2 144668 232207107 127170 9313866 238747 268879 2951 744 2272 1404 3356 422 -1.000000 720.000000 -0.001391 0.978259 0 2 10730.363234
2 16058 17447425 15587 1868108 15940 29197 1991 353 1072 316 867 280 4.000000 720.000000 0.005563 0.859725 0 2 7370.873374
2 19230 20631867 19913 2153870 24566 36876 2216 424 1279 387 1149 323 9.000000 448.000000 0.012517 0.885471 0 2 6221.739518
2 13037 12905830 14472 1522080 15983 25583 1911 401 1166 598 862 249 8.000000 720.000000 0.011127 0.860518 0 2 6813.188515
2 155240 247737619 151911 11054786 291265 305116 1893 353 1218 410 776 271 9.000000 720.000000 0.012517 0.987212 0 2 7026.723363
2 28441 21070528 31184 7841505 30538 57271 2334 440 1695 1209 1612 331 -1.000000 720.000000 -0.001391 0.921375 0 2 7656.197209
2 18465 11638541 18568 3113497 18275 33207 2990 615 1812 820 1661 437 5.000000 720.000000 0.006954 0.815948 0 2 7582.797585
2 56347 59050708 48960 13048800 66326 101170 3421 794 2232 690 2199 604 -1.000000 720.000000 -0.001391 0.928229 0 2 17722.586717
2 39329 53346645 27991 3232878 53113 65250 1936 465 1274 336 1400 365 0.000000 500.000000 0.000000 0.940493 0 2 18811.129570
2 48213 40893696 29298 2702652 60876 74610 2830 411 1246 242 974 307 -1.000000 720.000000 -0.001391 0.926062 0 2 14907.486513
2 30360 32729244 24007 3038348 29876 51965 2395 463 1494 381 1250 333 -1.000000 720.000000 -0.001391 0.911766 0 2 15129.309869
2 28634 29670571 25094 5894540 35747 51621 2058 369 1163 197 708 289 -1.000000 720.000000 -0.001391 0.922480 0 2 11874.872815
2 34096 31976444 28334 6759676 42620 59385 2559 411 1301 332 936 341 -1.000000 720.000000 -0.001391 0.910235 0 2 9651.331402
2 28866 12947374 31184 19256364 20387 34020 25851 506 1843 489 2306 291 -1.000000 720.000000 -0.001391 0.136037 0 3 16268.435466
2 12626 6051905 18532 4835489 11265 24701 6272 462 3453 459 829 491 -1.000000 720.000000 -0.001391 0.591469 0 3 11936.198478
2 20684 17197903 22446 9317065 25950 40217 2042 378 2238 459 1201 490 0.000000 720.000000 0.000000 0.885115 0 2 5789.049512
2 3679 1251462 5412 705316 2957 6186 2352 314 937 101 327 212 12.000000 720.000000 0.016690 0.421736 0 3 6011.290791
2 5289 2092306 7047 992679 5290 9202 2642 362 1060 151 696 279 11.000000 720.000000 0.015299 0.531777 0 2 7011.046538
2 37321 42590696 39381 3805462 41694 72580 4004 470 1403 1420 1351 349 1.000000 720.000000 0.001391 0.894058 0 2 26599.433665
2 94915 119025520 87968 10626000 111123 178687 4168 836 2566 2428 3487 478 0.000000 720.000000 0.000000 0.954266 0 2 24133.025929
2 96911 131339367 81035 9901505 127450 174612 3306 644 2141 1469 2860 411 -1.000000 720.000000 -0.001391 0.962685 0 2 25656.825505
2 23128 18528464 25195 4820855 24593 43885 4260 504 1837 671 1963 485 3.000000 720.000000 0.004172 0.820003 0 2 26078.659658
2 82828 110832008 65311 5941807 119408 144765 3213 591 1882 942 2115 400 1.000000 720.000000 0.001391 0.955535 0 2 26646.207604
2 20039 21179237 17867 1968525 19447 34552 3107 363 1287 245 1161 272 2.000000 719.000000 0.002782 0.829552 0 3 18106.082260
2 13913 12565000 13065 1981204 14068 23334 3060 344 1298 233 981 273 5.000000 720.000000 0.006954 0.751501 0 2 22281.576529
2 26132 26508999 24011 3371235 31924 45964 3760 449 1441 594 1407 443 1.000000 720.000000 0.001391 0.841673 0 2 23804.120620
2 59082 63872268 48158 5868379 63529 102889 4286 627 2190 815 3062 591 -1.000000 720.000000 -0.001391 0.919461 0 2 23179.471448
2 92861 123722444 59147 4969010 91782 148516 3433 364 1376 336 1527 360 0.000000 720.000000 0.000000 0.954443 0 2 21512.889272
2 70777 93906520 45447 3392774 70825 113167 2930 379 1230 291 1273 318 2.000000 720.000000 0.002782 0.948487 0 2 22410.028594
2 46491 57672662 31000 2829469 44254 74907 2552 290 1176 173 1006 204 7.000000 710.000000 0.009873 0.933721 0 2 16129.122709
2 66180 84588324 46256 3674154 81711 108695 3357 498 1579 405 1408 428 3.000000 720.000000 0.004172 0.936871 0 2 23865.521356
2 59046 76385212 32611 3116075 63123 88317 2860 380 1360 359 1337 369 0.000000 720.000000 0.000000 0.932356 0 2 23063.957977
1 4881 4202782 4428 503672 4204 6222 3087 62 245 85 267 51 418.000000 82.000000 0.582173 0.336771 0 1 67.769041
1 4278 4351048 3739 491736 4263 6945 1072 30 238 104 142 36 361.000000 103.000000 0.502086 0.732568 0 1 59.603714
1 16661 27344508 13159 1012803 23774 28795 1023 36 247 97 362 48 223.000000 74.000000 0.310153 0.931321 0 1 93.558350
1 9566 15241324 6740 519048 13940 15466 838 17 81 12 88 30 535.000000 40.000000 0.744089 0.897093 0 1 32.878228
1 34935 54559463 22975 1962312 53433 56791 1117 33 240 48 512 55 295.000000 74.000000 0.410292 0.961388 0 1 106.511472
1 12548 22430323 9523 689297 20597 21568 503 28 143 59 193 34 409.000000 29.000000 0.568846 0.954420 0 1 31.356044
1 32035 52715135 23606 1821942 48392 54683 955 39 412 192 596 46 213.000000 102.000000 0.296245 0.965619 0 1 118.421243
1 25616 39996453 15049 885637 38980 40274 391 12 442 67 258 51 378.000000 48.000000 0.529412 0.980770 0 1 66.837271
1 3358 3914549 2728 313164 4730 5298 786 15 78 7 186 37 540.000000 27.000000 0.754190 0.741374 0 1 41.529140
1 1043 308593 995 247698 920 1306 730 30 112 26 123 39 443.000000 26.000000 0.618715 0.282630 0 1 28.099233
1 8694 11668255 6372 559299 13028 14365 697 17 103 42 132 36 391.000000 47.000000 0.547619 0.907208 0 1 47.370077
1 9609 16833108 6846 396584 16210 16420 35 11 50 21 89 22 534.000000 47.000000 0.742698 0.995746 0 1 14.130548
1 15490 24715752 9785 521912 18715 25251 24 5 54 15 84 20 542.000000 59.000000 0.754875 0.998101 0 1 13.172291
1 15281 23426362 11575 717342 25605 26831 23 7 28 7 59 13 523.000000 92.000000 0.741844 0.998213 0 1 8.077747
1 7534 11132596 4223 245054 11418 11613 144 11 44 11 71 28 509.000000 36.000000 0.712885 0.975504 0 1 10.502140
1 167 25887 176 43916 260 331 12 2 15 2 28 8 619.000000 5.000000 0.879261 0.930029 0 1 4.129030
1 159 26810 185 45618 259 334 10 1 16 3 37 10 630.000000 5.000000 0.877437 0.941860 0 1 4.609772
1 165 28041 175 46897 254 320 20 3 15 6 33 11 610.000000 7.000000 0.866477 0.882353 0 1 4.320494
1 164 25712 169 42149 249 320 13 2 16 1 32 9 613.000000 6.000000 0.870739 0.921922 0 1 4.609772
1 235 38916 288 69074 398 473 50 6 29 7 66 17 575.000000 15.000000 0.816761 0.808795 0 1 8.366600
1 193 26673 207 52362 315 384 16 4 22 7 46 9 611.000000 6.000000 0.849791 0.920000 0 1 6.344289
1 219 49580 231 54707 360 436 14 3 27 16 55 13 625.000000 13.000000 0.871688 0.937778 0 1 7.461469
1 4190 2114291 4098 573955 3679 4726 3560 77 245 19 432 70 461.000000 46.000000 0.641168 0.140685 0 1 94.452485
1 4807 5241496 3550 505666 4464 7738 615 18 215 44 244 45 316.000000 59.000000 0.441341 0.852339 0 1 266.252731
1 1475 573543 1321 213986 1068 2031 760 16 135 25 124 33 402.000000 102.000000 0.559110 0.454578 0 1 45.993794
1 814 176319 724 107378 544 1053 484 7 62 17 151 25 480.000000 15.000000 0.667594 0.369961 0 1 21.517410
1 1159 450929 1006 185914 862 1425 740 15 53 15 132 31 444.000000 17.000000 0.617524 0.316397 0 1 15.695482
1 861 199006 744 117633 624 830 775 13 47 23 166 34 441.000000 22.000000 0.614206 0.034268 0 1 16.561722
1 873 201366 688 122868 511 714 847 6 34 4 71 22 496.000000 18.000000 0.690808 0.085202 0 1 14.531465
1 1220 740196 1068 146545 1213 1563 687 18 44 39 109 37 453.000000 42.000000 0.633566 0.382867 0 1 641.187112
1 29560 42132563 16573 819943 45037 45649 448 34 28 12 34 30 486.000000 41.000000 0.695279 0.979798 0 1 22.495436
1 880 1245158 761 44232 1441 1441 200 14 73 0 4 10 538.000000 20.000000 0.750349 0.756246 0 1 16.442237
1 2278 3521986 8446 436420 3042 10403 319 43 6780 40 34 20 158.000000 415.000000 0.219750 0.940321 0 1 664.366919
1 386 662527 5815 296463 580 6115 85 6 5536 3 2 17 282.000000 414.000000 0.400000 0.972424 0 1 532.926886
1 26 4079 7308 371608 0 7272 62 3 7272 0 0 9 171.000000 544.000000 0.237830 0.983092 0 1 701.688894
1 6530 8159085 10202 786397 5152 13628 3087 92 5414 206 158 124 96.000000 246.000000 0.170819 0.629990 0 1 547.690983
1 12883 16138805 10369 3943964 11135 12055 10838 25 117 743 55 45 302.000000 42.000000 0.422378 0.052340 0 1 51.148790
1 450131 568080597 320332 30978498 5963 6268 763073 932 608 145 1149 65 -1.000000 720.000000 -0.001391 0.982273 0 1 168.602296
1 321384 407321392 233308 21885048 2423 2750 551587 513 293 72 379 45 -1.000000 542.000000 -0.001848 0.989445 0 1 72.211468
1 45050 55815266 34260 3695347 89 1962 77192 30 25 6 31 30 289.000000 71.000000 0.405899 0.948556 0 1 11.285672
1 97833 118125439 68896 6046794 1262 1362 165063 248 131 30 214 40 -1.000000 365.000000 -0.002747 0.981839 0 1 35.505516
1 203290 246171864 142127 12462551 667 1127 343810 176 80 40 88 44 -1.000000 720.000000 -0.001391 0.992085 0 1 22.595875
1 196364 236161245 137006 12005080 1684 1884 331023 334 172 52 290 52 -1.000000 720.000000 -0.001391 0.987308 0 1 51.324154
1 111602 134118568 76908 6680948 1366 1443 186764 240 137 26 244 40 -1.000000 413.000000 -0.002427 0.983083 0 1 40.077468
1 196050 234104607 136019 11876922 2541 2822 328697 419 273 73 447 44 -1.000000 720.000000 -0.001391 0.981347 0 1 79.989694
1 6660 5398803 7167 1095920 8383 13105 709 222 531 672 1374 136 79.000000 196.000000 0.110028 0.896507 0 1 155.299309
1 8518 8453203 8406 1001240 12752 16364 554 164 621 348 1479 94 63.000000 230.000000 0.087622 0.934176 0 1 185.947043
1 6683 9314381 5999 320714 11679 12587 90 14 130 131 512 37 54.000000 298.000000 0.075104 0.985412 0 1 33.335413
1 10161 11337252 9468 1112184 16117 19083 541 152 530 316 1101 95 22.000000 553.000000 0.030726 0.944623 0 1 115.286437
1 46276 66620519 30287 2216112 66653 72576 3750 144 486 747 934 221 125.000000 128.000000 0.173853 0.898946 0 1 144.512706
1 6173 6528426 6423 778226 8506 12122 460 157 402 370 1050 118 134.000000 109.000000 0.186370 0.925849 0 1 121.716088
1 659 217624 1462 131659 1000 1908 208 63 154 168 584 53 218.000000 77.000000 0.303199 0.801509 0 1 44.400495
1 1949 2756107 2419 189276 3319 4180 183 51 159 126 561 41 224.000000 77.000000 0.313287 0.915064 0 1 45.032900
1 2219 1478295 2842 373787 1997 4724 332 67 291 168 710 73 258.000000 30.000000 0.358832 0.867813 0 1 107.787205
1 2589 3017197 2849 278209 2434 5233 205 34 280 127 652 53 206.000000 78.000000 0.287710 0.924605 0 1 64.316927
1 616 132547 1377 173936 705 1831 156 37 158 108 545 41 237.000000 38.000000 0.330084 0.840442 0 1 44.465344
1 1182 1309717 1920 181760 1688 2982 113 10 200 129 606 35 179.000000 59.000000 0.248957 0.924887 0 1 49.634488
1 512 84559 1331 139796 524 1713 125 15 142 156 576 27 218.000000 43.000000 0.304045 0.861639 0 1 41.613932
1 464 74692 1243 135419 432 1602 100 4 132 119 537 20 182.000000 66.000000 0.253129 0.879906 0 1 39.980444
1 471 70273 1214 132251 449 1581 104 14 135 126 545 21 224.000000 38.000000 0.311544 0.876558 0 1 36.600287
1 577 221655 1309 149935 691 1737 144 26 134 92 552 32 212.000000 38.000000 0.295265 0.844645 0 1 38.171884
1 507 90944 1271 191589 399 1663 110 8 123 116 539 17 216.000000 43.000000 0.300836 0.873453 0 1 37.941698
1 398 59467 1104 120391 388 1401 96 8 107 112 508 17 251.000000 44.000000 0.350559 0.868842 0 1 32.093705
1 460 71834 1213 157024 360 1555 113 4 132 118 519 17 216.000000 48.000000 0.300417 0.861925 0 1 38.361605
1 575 172742 1346 161085 702 1812 109 7 143 117 579 22 212.000000 49.000000 0.296089 0.886517 0 1 42.625598
1 635 250746 1451 155980 771 1922 158 32 186 139 585 38 215.000000 38.000000 0.299026 0.845638 0 1 45.733954
1 401 59153 1136 120484 329 1440 92 5 114 120 510 15 244.000000 60.000000 0.339833 0.877033 0 1 36.610207
1 405 65859 1112 126310 387 1400 112 9 109 112 500 19 252.000000 36.000000 0.351955 0.849044 0 1 30.986613
1 804 450993 1556 167443 1101 2173 182 42 165 121 604 41 241.000000 28.000000 0.335188 0.843644 0 1 48.958626
1 508 86502 1290 169861 481 1672 126 14 138 116 549 23 241.000000 38.000000 0.335188 0.859844 0 1 41.951734
1 1112 1176500 1828 189640 1634 2793 144 32 194 118 593 46 222.000000 48.000000 0.308762 0.901020 0 1 45.176981
1 481 163316 1181 133089 387 1536 121 5 110 111 510 18 255.000000 26.000000 0.354659 0.851384 0 1 34.427383
1 668 203431 1493 173460 818 1957 199 52 196 129 590 37 231.000000 56.000000 0.323077 0.813512 0 1 45.402227
1 618 129024 1421 162137 674 1864 170 40 182 114 567 42 228.000000 50.000000 0.318436 0.830799 0 1 45.717458
1 1057 1079225 1889 200774 1459 2754 192 16 423 103 553 39 187.000000 119.000000 0.260809 0.869654 0 1 73.465088
1 4754 2960484 5890 2214394 3015 4145 6474 49 243 185 644 194 119.000000 172.000000 0.165508 0.218809 0 1 62.072487
1 495 69476 1300 245965 340 1388 402 6 118 92 513 31 220.000000 61.000000 0.305981 0.549304 0 1 36.393084
1 321 40965 1125 127530 325 1350 91 10 138 112 509 19 224.000000 49.000000 0.312413 0.870678 0 1 33.853810
1 394 68587 1285 151072 452 1570 103 11 148 140 567 29 207.000000 48.000000 0.287900 0.873734 0 1 38.447834
1 568 98934 1953 786249 561 1838 683 55 210 134 593 48 200.000000 104.000000 0.278164 0.458152 0 1 49.717976
1 572 196740 1374 146742 744 1810 131 24 156 105 579 36 191.000000 46.000000 0.266017 0.862795 0 1 38.608916
1 654 134163 1424 144661 660 1943 129 21 158 123 561 35 207.000000 74.000000 0.287900 0.872955 0 1 39.849790
1 646 141138 1392 132830 583 1859 172 13 165 88 530 25 218.000000 48.000000 0.303199 0.827772 0 1 39.814416
1 557 112788 1284 129323 528 1720 116 15 155 94 516 23 219.000000 62.000000 0.305014 0.871266 0 1 37.245320
1 378 97374 1085 102216 350 1359 99 5 122 81 500 19 250.000000 34.000000 0.348675 0.861244 0 1 35.008959
1 383 93692 1108 105051 441 1368 123 24 152 89 503 24 259.000000 28.000000 0.360223 0.835010 0 1 36.210132
1 523 218612 1217 114553 621 1626 109 15 141 90 532 34 253.000000 35.000000 0.351878 0.871839 0 1 43.109706
1 418 109566 1150 108279 369 1422 141 10 105 99 501 25 251.000000 67.000000 0.350070 0.816964 0 1 31.742015
1 309 64750 997 90207 305 1189 112 13 98 81 479 21 272.000000 28.000000 0.378830 0.824655 0 1 30.105444
1 327 93633 1000 83024 322 1228 94 7 96 83 485 18 281.000000 26.000000 0.390821 0.854559 0 1 30.539206
1 2894 1476705 3562 774215 3087 5986 470 110 361 282 813 70 208.000000 137.000000 0.289694 0.854399 0 1 98.181514
1 2168 1507091 3010 400303 1485 4168 897 40 460 137 77 60 141.000000 206.000000 0.196106 0.631711 0 1 85.279966
1 2159 1031978 3167 571392 1268 4484 721 52 522 239 81 65 214.000000 76.000000 0.297636 0.706534 0 1 101.604239
1 19554 20479955 18088 2509055 21375 36645 916 178 900 288 1075 92 141.000000 102.000000 0.196106 0.949179 0 1 607.434155
1 57860 69135326 36726 3925713 83737 93189 1290 208 1058 560 1125 126 86.000000 241.000000 0.119611 0.971592 0 1 202.772311
1 1447 391848 2958 488763 512 3653 708 29 647 223 106 49 135.000000 126.000000 0.187761 0.668558 0 1 103.981785
1 2273 1699089 3269 501816 1364 4963 539 45 633 215 32 38 162.000000 82.000000 0.225313 0.798268 0 1 101.998858
1 7878 9068278 6497 883150 7009 13733 592 42 616 221 93 47 129.000000 255.000000 0.179416 0.914156 0 1 104.432918
1 2506 1148275 3587 685607 1589 5449 567 39 352 241 238 58 239.000000 132.000000 0.332406 0.801247 0 1 132.960862
1 1619 486937 2389 428460 720 3530 400 26 264 249 52 40 344.000000 36.000000 0.479777 0.780938 0 1 75.224731
1 2709 944721 3673 1837544 1854 5824 479 56 316 234 145 49 232.000000 110.000000 0.322670 0.837512 0 1 79.826014
1 1329 267128 2040 369375 438 2945 363 23 215 221 26 29 334.000000 49.000000 0.465181 0.766400 0 1 62.064482
1 1357 277300 2061 372971 391 2924 405 19 216 206 44 38 333.000000 45.000000 0.463788 0.736981 0 1 62.353161
1 1388 346350 2088 442627 411 3076 335 9 221 210 31 28 346.000000 44.000000 0.483240 0.788550 0 1 65.488218
1 7048 5280938 7966 1391605 6551 14332 607 106 600 244 841 60 223.000000 149.000000 0.310153 0.914147 0 1 422.818166
1 14587 11597190 15440 3122410 20701 28503 1400 206 1325 483 2016 171 93.000000 384.000000 0.129346 0.902621 0 1 433.241785
1 6881 4671982 8294 1475814 6394 14499 603 14 581 244 941 45 160.000000 175.000000 0.222841 0.915717 0 1 477.187999
1 1520 257932 2283 423962 530 3217 496 13 216 215 106 33 271.000000 33.000000 0.378492 0.715488 0 1 61.559215
1 1424 232487 2226 424128 731 3152 430 8 219 221 118 32 308.000000 36.000000 0.432584 0.745753 0 1 65.973871
1 2096 1376773 2625 420256 1757 4177 467 42 232 218 105 53 304.000000 28.000000 0.422809 0.785850 0 1 66.485061
1 16420 29714307 14228 1002786 27371 29900 657 46 243 246 72 53 267.000000 41.000000 0.371349 0.954157 0 1 70.506647
1 11655 15952261 8749 921768 17256 19781 553 9 222 218 42 34 164.000000 168.000000 0.228731 0.942364 0 1 63.222584
1 1517 266222 2397 452237 874 3331 509 26 238 224 105 50 278.000000 42.000000 0.386648 0.721002 0 1 68.272497
1 7325 8615337 5626 636124 6687 12320 526 28 269 247 221 59 309.000000 50.000000 0.430362 0.910663 0 1 89.583741
1 2772 1824627 3505 572646 1956 5691 504 43 270 219 155 59 332.000000 83.000000 0.461752 0.826350 0 1 103.385876
1 2746 1598368 3607 774121 2007 5828 456 42 301 225 242 52 325.000000 44.000000 0.452017 0.845585 0 1 141.044286
1 5766 5683089 6525 1009203 4932 11942 291 8 302 207 253 27 267.000000 80.000000 0.371866 0.947929 0 1 188.485416
1 5019 3714582 5942 1206548 4622 10622 293 43 430 129 654 28 120.000000 157.000000 0.293399 0.942341 0 1 368.510141
1 5596 4066313 6788 1561268 5013 11880 423 64 488 222 696 35 287.000000 53.000000 0.399166 0.925145 0 1 322.226068
1 1325 276713 2044 424724 403 3011 311 11 219 219 68 29 389.000000 26.000000 0.541783 0.801425 0 1 62.794286
1 2299 1632237 2649 421481 1966 4474 409 30 258 223 113 49 354.000000 27.000000 0.495798 0.821544 0 1 71.130707
1 8410 9050482 9272 1194795 7744 17232 384 23 397 227 458 34 228.000000 175.000000 0.317107 0.952833 0 1 282.122663
1 3657 1957798 4667 928427 2778 7932 328 9 418 200 514 27 345.000000 54.000000 0.482517 0.913503 0 1 327.689348
1 3304 2243127 4130 693589 2464 7072 302 6 288 204 244 31 238.000000 104.000000 0.331476 0.910681 0 1 155.513567
1 4828 3185328 6270 867477 4469 10007 1021 131 494 315 553 79 197.000000 215.000000 0.273992 0.809695 0 1 135.428436
1 1962 916286 2883 463216 1154 4423 366 36 271 228 208 40 303.000000 79.000000 0.421419 0.837358 0 1 135.343506
1 4288 3569773 4973 773470 4833 8434 746 174 389 294 449 61 232.000000 107.000000 0.322670 0.830148 0 1 120.603069
1 6022 4710817 7073 1019413 5136 12068 967 130 630 294 470 95 191.000000 207.000000 0.265647 0.847728 0 1 137.499938
1 1338 240693 2996 488006 503 3542 737 20 581 273 210 80 193.000000 78.000000 0.268428 0.647208 0 1 98.885370
1 1314 322333 2293 412164 367 3094 463 16 418 212 49 36 281.000000 38.000000 0.392458 0.729415 0 1 80.383094
1 2111 1275236 2824 464839 1685 4359 505 41 444 225 119 50 278.000000 30.000000 0.386648 0.780952 0 1 90.782744
1 3324 713860 4832 4142593 2539 7395 634 44 695 218 125 62 166.000000 64.000000 0.230876 0.828960 0 1 106.437331
1 2100 449616 3254 1939120 1271 4873 424 16 435 227 90 39 282.000000 63.000000 0.392211 0.830967 0 1 86.455174
1 1199 245629 2242 382454 274 2988 406 11 421 204 58 36 300.000000 23.000000 0.417246 0.750363 0 1 81.924965
1 1314 289547 2325 454934 471 3120 484 20 438 208 72 40 311.000000 40.000000 0.432545 0.724375 0 1 86.983712
1 4745 2538222 5700 1041117 3545 9031 1360 98 695 327 535 93 234.000000 190.000000 0.325452 0.734418 0 1 144.263672
1 5991 3186053 6951 1202482 5015 11997 877 73 786 380 720 62 109.000000 309.000000 0.151811 0.859218 0 1 167.474189
1 3073 2501488 4124 802727 2351 6549 598 31 725 252 219 46 169.000000 75.000000 0.235376 0.826872 0 1 115.592555
1 1821 1329644 3026 481067 1401 4230 565 23 658 204 38 36 169.000000 73.000000 0.235049 0.756138 0 1 103.792750
1 1199 237918 2587 432583 369 3209 541 27 666 207 62 33 172.000000 83.000000 0.239888 0.704702 0 1 111.041069
1 11540 11543831 10098 1727827 10766 20487 1057 94 1041 391 635 93 124.000000 253.000000 0.172702 0.897957 0 1 200.482053
1 1661 477506 2905 911577 973 3941 580 30 512 225 146 37 198.000000 63.000000 0.275766 0.736093 0 1 90.265174
1 1285 329969 2449 417237 435 3171 515 26 502 212 64 38 229.000000 52.000000 0.318942 0.711302 0 1 89.649627
1 1073 197242 2443 426085 207 2937 536 14 655 199 44 33 225.000000 50.000000 0.312935 0.682878 0 1 100.017005
1 1084 198204 2381 415577 254 2968 467 10 614 205 49 30 242.000000 40.000000 0.337047 0.721789 0 1 98.510098
1 1159 243979 2355 399534 359 2989 473 15 537 208 75 39 264.000000 41.000000 0.369231 0.715993 0 1 92.247727
1 19811 28741383 17085 2807105 29093 30256 6635 115 327 100 477 333 16.000000 668.000000 0.022253 0.640205 0 1 64.144828
1 3756 879938 6618 1883405 1895 3726 6643 161 779 129 329 334 6.000000 720.000000 0.008345 0.281184 0 1 100.950256
1 9826 5780495 11650 2222289 9328 17227 4241 117 1232 306 1002 339 2.000000 720.000000 0.002782 0.604675 0 1 205.217140
1 19107 13883684 17509 3288806 11727 30435 6159 275 1275 222 793 410 1.000000 720.000000 0.001391 0.662989 0 1 200.420629
1 6559 5286368 1442573 1510076690 8386 10829 1438294 150 831 160 595 344 5.000000 720.000000 0.006954 0.985048 0 1 107.769055
1 5569 2756553 2300975 -1880556393 1765 6964 2299566 40 600 41 184 288 4.000000 720.000000 0.005563 0.993955 0 1 68.737168
1 4478 487963 7156 4014931 814 1664 9965 61 591 30 131 303 10.000000 639.000000 0.013908 0.713512 0 1 74.812210
1 1348 151749 3976 806416 390 1156 4163 37 501 24 76 272 9.000000 595.000000 0.012517 0.564801 0 1 53.526008
1 2724 411024 5419 1489369 901 1931 6206 50 575 50 229 294 8.000000 720.000000 0.011127 0.524991 0 1 71.252039
1 35938 46788499 31327 5062229 49924 61860 5391 201 1237 437 1387 375 1.000000 720.000000 0.001391 0.839500 0 1 272.031473
1 48950 61612269 36389 4483657 47381 78446 6818 87 883 271 928 364 1.000000 720.000000 0.001391 0.839335 0 1 148.740827
1 5187 674094 7955 4700736 1205 2122 10996 56 491 44 195 315 6.000000 481.000000 0.008345 0.675240 0 1 58.512385
1 5044 2333111 7858 2087863 4756 5612 7281 59 476 48 164 303 5.000000 720.000000 0.006954 0.129360 0 1 60.351571
1 3170 1067808 5012 1069132 1326 2590 5509 70 429 78 150 304 126.000000 595.000000 0.175243 0.356759 0 1 55.235323
1 51 4755 0 0 9 26 25 0 0 0 0 0 620.000000 0.000000 1.000000 0.019608 0 0 0.000000
1 11273 860501 12973 8536578 422 864 23239 35 295 18 72 326 -1.000000 720.000000 -0.001391 0.922833 0 1 34.580614
1 1358 476501 1381 91685 284 2592 138 31 28 31 30 31 92.000000 306.000000 0.127955 0.895947 0 1 7.503996
1 780 208278 772 52625 110 1527 25 5 6 15 15 13 297.000000 304.000000 0.427954 0.967784 0 1 1.707845
1 1528 696181 1720 183219 1192 2918 315 80 126 103 144 75 300.000000 285.000000 0.417827 0.801416 0 1 3935.032859
1 525 193972 479 30375 50 987 17 1 4 2 2 11 423.000000 73.000000 0.647779 0.966135 0 1 0.707216
1 596 402348 644 75042 577 1050 164 21 30 30 59 34 471.000000 29.000000 0.676724 0.714516 0 1 11085.786807
1 45 3326 0 0 45 45 0 0 0 0 3 0 598.000000 0.000000 1.000000 1.000000 0 0 0.000000
1 4379 2763277 4664 735929 3774 8246 753 302 178 155 233 55 84.000000 491.000000 0.116829 0.828597 0 1 8666.704947
1 1314 363628 1337 86580 442 2510 140 77 2 3 3 16 222.000000 97.000000 0.308762 0.894002 0 1 36.000000
1 2052 715859 2323 212191 1051 3638 719 371 39 42 53 32 143.000000 383.000000 0.198887 0.667200 0 1 14306.419865
1 1774 223100 1868 129371 566 3521 121 54 11 17 15 20 74.000000 399.000000 0.102921 0.933553 0 1 13000.555568
1 1072 180532 1165 90329 583 2067 170 96 10 13 11 14 302.000000 101.000000 0.420028 0.848011 0 1 67.274435
1 1072 295817 1533 161643 785 1715 872 431 47 45 61 34 294.000000 39.000000 0.408901 0.323608 0 1 11936.060013
1 1159 359557 1292 217591 1232 2195 256 119 33 26 25 15 402.000000 27.000000 0.559110 0.791106 0 1 54.583790
1 4125 2581052 3941 840715 4548 7872 194 85 92 161 97 17 348.000000 48.000000 0.484006 0.951897 0 1 81.476430
1 47 10671 42 32432 0 72 17 0 5 1 9 5 644.000000 2.000000 0.977238 0.617977 0 1 0.489899
1 52 10247 45 26876 0 63 31 8 4 0 8 5 700.000000 3.000000 0.973574 0.329897 0 1 0.500001
1 418 788682 393 153558 0 776 26 0 38 2 30 8 672.000000 7.000000 0.939860 0.924784 0 1 21855.316724
1 45 13153 40 33256 0 73 12 0 3 0 6 4 530.000000 4.000000 0.974265 0.717647 0 1 0.001303
1 25 6870 20 15170 0 39 6 0 2 0 4 4 645.000000 1.000000 0.987749 0.733333 0 1 0.001955
1 39 12871 29 27476 0 64 4 0 2 0 4 4 530.000000 1.000000 0.988806 0.882353 0 1 0.001955
1 390 96601 367 319629 415 705 48 0 28 2 53 8 618.000000 15.000000 0.933535 0.867900 0 1 8303.186453
1 181 51962 151 115161 0 322 5 0 32 1 26 7 628.000000 2.000000 0.973643 0.954819 0 1 20819.257229
1 128 153237 119 34144 0 234 3 0 28 2 16 7 603.000000 3.000000 0.966346 0.935223 0 1 19320.533918
1 45 10654 37 27505 0 66 16 0 4 0 8 4 626.000000 3.000000 0.981191 0.609756 0 1 0.500001
1 34 34132 30 5030 0 53 5 0 12 1 2 5 590.000000 4.000000 0.983333 0.750000 0 1 14514.806484
1 13 3673 9 5529 0 18 4 0 1 0 2 3 651.000000 1.000000 0.992378 0.636364 0 1 0.003910
1 104 21120 82 60472 13 177 9 0 12 0 24 4 621.000000 6.000000 0.979495 0.903226 0 1 1058.681772
1 2 212 2 242 0 0 4 0 0 0 0 1 598.000000 1.000000 0.996667 1.000000 0 0 0.000000
1 24 6766 17 13641 0 39 2 0 2 0 4 3 384.000000 1.000000 0.987146 0.902439 0 1 0.001955
1 26 7008 22 14061 0 38 10 0 1 0 5 4 485.000000 1.000000 0.983773 0.583333 0 1 0.003910
1 38 6811 27 15650 0 52 13 0 4 4 8 3 504.000000 3.000000 0.978641 0.600000 0 1 0.500001
1 56 14076 39 27704 0 83 12 0 4 0 8 5 598.000000 1.000000 0.978723 0.747368 0 1 0.000977
1 22 5261 17 11366 0 24 15 0 2 0 2 4 579.000000 5.000000 0.979695 0.230769 0 1 0.500004
1 59 15010 43 33564 0 90 12 0 4 2 10 6 681.000000 3.000000 0.978448 0.764706 0 1 0.433014
1 58 29868 45 16489 14 82 16 0 10 2 7 5 635.000000 2.000000 0.975422 0.640777 0 1 28179.524429
1 67 37808 48 24669 0 96 14 0 10 0 6 5 682.000000 8.000000 0.974286 0.713043 0 1 19248.204492
1 64 36716 55 25047 0 94 20 0 9 2 8 7 659.000000 4.000000 0.966276 0.621849 0 1 18736.088045
1 36 5410 31 18789 13 48 19 0 4 1 8 4 706.000000 2.000000 0.981919 0.432836 0 1 1658.871454
1 134 33598 107 82391 0 226 10 0 17 2 20 6 548.000000 4.000000 0.964789 0.896266 0 1 26296.401211
1 8 1356 19 12769 0 11 16 0 1 0 2 3 587.000000 4.000000 0.978333 0.185185 0 1 0.003911
1 51 14020 30 21674 0 77 4 0 4 0 8 4 701.000000 2.000000 0.985935 0.901235 0 1 0.000977
1 41 6211 31 23749 13 64 8 0 5 0 10 3 516.000000 4.000000 0.986616 0.777778 0 1 1532.399847
1 39 10453 24 17664 0 59 4 0 3 0 6 3 592.000000 4.000000 0.986667 0.873016 0 1 0.001303
1 124 27979 112 78575 13 219 12 0 24 1 26 5 456.000000 5.000000 0.962025 0.877119 0 1 22539.121531
1 39 10453 24 17664 0 59 4 0 3 0 6 3 592.000000 4.000000 0.986667 0.873016 0 1 0.001303
1 37 9861 27 23043 0 62 2 0 3 0 6 3 383.000000 1.000000 0.987113 0.937500 0 1 0.001303
1 44 10689 26 17764 0 66 4 0 4 0 8 3 592.000000 4.000000 0.986667 0.885714 0 1 0.000977
1 38 9921 27 23043 0 63 2 0 3 0 6 3 453.000000 1.000000 0.989083 0.938462 0 1 0.001303
1 43 10643 27 17804 0 66 4 0 4 0 8 3 592.000000 4.000000 0.986667 0.885714 0 1 0.000977
1 36 8874 25 18641 13 57 4 0 3 0 6 3 593.000000 2.000000 0.988333 0.868852 0 1 1805.714762
1 38 10341 25 18288 0 60 3 0 3 0 6 4 580.000000 4.000000 0.984720 0.904762 0 1 0.001303
1 16932 15121784 15076 2488021 17167 31703 305 157 985 673 1724 90 422.000000 41.000000 0.596045 0.980942 0 1 280.701081
1 21767 21375768 19601 3486052 24948 41041 327 185 1360 645 2252 91 338.000000 45.000000 0.470752 0.984191 0 1 343.056717
1 13672 15808244 11309 2342076 20838 24518 463 223 912 197 1254 139 397.000000 100.000000 0.552156 0.962932 0 1 192.441427
1 2154 1900685 1982 276518 2625 4047 89 45 144 51 271 47 554.000000 16.000000 0.770515 0.956963 0 1 40.984865
1 402 226753 438 63547 621 789 51 25 37 17 81 35 583.000000 11.000000 0.822285 0.878571 0 1 11.042914
1 4127 2884125 3652 640578 4325 7507 224 67 303 102 431 53 456.000000 43.000000 0.658009 0.936239 0 1 546.025996
1 297 109426 337 53883 427 596 38 17 29 8 49 25 622.000000 6.000000 0.897547 0.880126 0 1 8.025376
1 5567 5658888 4379 668340 7874 9665 281 143 240 91 448 64 428.000000 41.000000 0.740484 0.943495 0 1 2453.863399
1 14051 18927123 9690 1086212 21768 23392 330 140 295 96 715 100 458.000000 39.000000 0.636996 0.971400 0 1 4817.617787
1 7574 10074686 4477 448008 10794 11900 151 44 69 21 147 45 432.000000 192.000000 0.604196 0.974940 0 1 18.159044
1 7694 6662760 6080 1308603 9161 13595 179 89 327 162 728 65 432.000000 55.000000 0.605042 0.974009 0 1 5367.341734
1 5035 3082962 4511 1429693 5552 9268 278 138 354 121 697 70 360.000000 52.000000 0.680529 0.941756 0 1 2866.840629
1 35882 42412546 26080 3772364 49894 61365 597 309 1045 350 2123 108 361.000000 116.000000 0.503487 0.980730 0 1 294.216773
1 7400 7381952 5707 921314 9779 12666 441 224 486 133 857 100 485.000000 55.000000 0.675487 0.932708 0 1 1162.998689
1 1144 967148 1059 152986 1952 2106 97 32 87 31 153 46 533.000000 11.000000 0.775837 0.911938 0 1 651.872168
1 520 262583 538 102675 758 990 68 34 56 20 100 31 542.000000 13.000000 0.792398 0.871456 0 1 15.383325
1 36697 47408597 25290 2984295 43270 61581 406 207 854 195 1680 104 328.000000 135.000000 0.456189 0.986901 0 1 6481.045895
1 3096 3826184 3292 338854 5826 6264 124 59 133 99 448 62 534.000000 15.000000 0.750000 0.961177 0 1 36.300246
1 5428 4534101 5169 999435 8222 9841 756 384 458 85 893 99 504.000000 63.000000 0.700974 0.857318 0 1 129.422741
1 5055 4354436 4000 582243 5398 7506 1543 104 259 113 540 102 471.000000 33.000000 0.664316 0.658531 0 1 73.592333
1 25330 30831321 21370 3705014 40607 45611 1089 544 1062 327 2345 175 212.000000 126.000000 0.294854 0.953362 0 1 5073.945626
1 15304 8021310 12629 10471266 21308 27287 646 349 683 222 1323 114 131.000000 178.000000 0.194074 0.953746 0 1 183.333228
1 8337 9560265 7365 1077961 13137 15269 433 222 329 123 759 110 394.000000 81.000000 0.547983 0.944848 0 1 85.855380
1 18243 16730136 17510 2872781 27337 34641 1112 587 1094 379 2293 174 215.000000 179.000000 0.299026 0.937795 0 1 6305.063901
1 7912 6092119 6431 1052824 9954 14147 196 99 348 143 881 66 426.000000 73.000000 0.599156 0.972670 0 1 96.588163
1 937 315723 1089 201533 1797 1962 64 32 124 23 279 37 494.000000 17.000000 0.693820 0.936821 0 1 35.088244
1 81 6531 49 5679 122 130 0 0 6 0 17 5 668.000000 4.000000 0.980910 1.000000 0 1 1.707858
1 966 245483 1129 173040 1873 2023 72 37 125 24 285 35 509.000000 13.000000 0.709902 0.931265 0 1 35.735159
1 3474 2431927 3142 445186 4849 6446 170 87 287 108 426 50 527.000000 28.000000 0.732962 0.948609 0 1 79.796130
1 4024 2873960 4019 637157 6718 7674 369 161 315 131 911 73 388.000000 67.000000 0.539638 0.908243 0 1 89.677087
1 503 71053 592 83560 940 1065 30 15 72 14 150 24 573.000000 5.000000 0.818571 0.945205 0 1 21.224912
1 385 103092 468 61697 637 796 57 28 54 15 111 36 595.000000 11.000000 0.832168 0.866354 0 1 13.896652
1 7019 9795444 5521 540554 10971 12368 172 91 251 42 424 57 546.000000 22.000000 0.759388 0.972568 0 1 69.061657
1 1542 840338 2016 261245 1730 3315 233 58 618 92 251 49 251.000000 57.000000 0.349096 0.866217 0 1 84.951145
1 3547 3369021 3991 385480 4916 7218 310 124 1019 61 414 75 243.000000 82.000000 0.337969 0.916423 0 1 144.068694
1 710 266321 1354 198619 695 1938 116 34 602 14 157 33 260.000000 40.000000 0.361613 0.882752 0 1 73.481727
1 402 118519 937 97968 236 1251 77 14 533 5 61 23 240.000000 44.000000 0.334728 0.876774 0 1 55.954735
1 484 286829 953 100086 478 1361 76 13 485 14 98 30 279.000000 46.000000 0.389121 0.894224 0 1 53.768021
1 2072 1396335 2440 257036 2383 4318 184 59 631 65 153 53 273.000000 25.000000 0.379694 0.916223 0 1 80.799162
1 604 244621 1162 108713 664 1694 62 14 490 64 199 42 295.000000 42.000000 0.410292 0.924122 0 1 382.237265
1 250 97139 784 76841 324 964 60 13 487 7 70 31 316.000000 34.000000 0.440111 0.874275 0 1 53.258939
1 158 55776 683 61006 194 773 58 7 473 5 43 22 360.000000 19.000000 0.500695 0.850178 0 1 49.033250
1 209 65830 762 72385 231 875 96 8 482 0 60 28 331.000000 25.000000 0.461003 0.802266 0 1 50.460876
1 993 667584 1372 132844 1241 2162 193 62 503 33 160 38 330.000000 35.000000 0.459610 0.832558 0 1 65.045142
1 324 107664 687 76465 376 934 67 19 328 13 66 29 387.000000 18.000000 0.538248 0.857567 0 1 39.705656
1 245 85647 613 59387 294 784 64 17 319 7 71 30 377.000000 19.000000 0.524339 0.839161 0 1 37.181306
1 166 56086 518 49975 170 611 63 9 306 0 40 23 406.000000 19.000000 0.564673 0.801170 0 1 33.401815
1 213 71358 545 57104 233 696 62 8 308 5 53 23 407.000000 14.000000 0.566064 0.836412 0 1 33.223977
1 353 330652 636 57007 390 915 64 12 305 6 56 26 419.000000 23.000000 0.582754 0.860465 0 1 33.312290
1 307 153150 713 68185 477 943 67 18 319 21 95 31 392.000000 18.000000 0.545961 0.858824 0 1 30941.569128
1 225 75223 581 55866 269 731 65 14 314 5 63 29 404.000000 17.000000 0.561891 0.826303 0 1 35.921719
1 146 54973 494 48217 163 572 57 7 302 0 38 20 419.000000 24.000000 0.582754 0.804688 0 1 34.019406
1 238 79125 578 63703 240 767 49 6 313 3 59 24 396.000000 17.000000 0.551532 0.879902 0 1 34.323138
1 529 321028 840 100753 580 1274 85 19 332 10 81 36 357.000000 19.000000 0.497214 0.868517 0 1 38.676171
1 431 232001 756 83853 525 1113 64 16 323 20 70 32 379.000000 28.000000 0.530812 0.883741 0 1 38.168779
1 196 65120 574 57503 254 706 54 11 315 6 63 27 421.000000 16.000000 0.585535 0.846753 0 1 35.592561
1 5063 4931599 3833 492212 5065 8749 137 37 410 90 320 38 329.000000 50.000000 0.458856 0.968076 0 1 67.279240
1 2184 1075617 2577 577629 2164 4580 181 49 572 83 305 41 242.000000 85.000000 0.337047 0.923966 0 1 76.413976
1 1496 1199744 1577 235148 1894 2850 213 64 277 53 151 53 410.000000 25.000000 0.571031 0.858119 0 1 41.605665
1 346 173539 629 65185 452 907 58 13 252 35 97 34 508.000000 9.000000 0.709497 0.870769 0 1 30.797468
1 324 81056 563 203431 405 805 72 17 164 12 88 32 504.000000 46.000000 0.702929 0.826381 0 1 27885.461232
1 305 110225 438 65772 370 616 117 34 110 14 52 24 549.000000 10.000000 0.797965 0.671602 0 1 14.964887
1 285 101629 425 59579 385 592 107 34 65 19 77 31 572.000000 15.000000 0.803371 0.683099 0 1 10.810208
1 637 766443 618 61797 930 1177 78 15 99 12 70 28 577.000000 10.000000 0.806993 0.875697 0 1 13.913480
1 317 65914 482 275450 356 739 50 9 65 20 66 26 520.000000 36.000000 0.743920 0.862328 0 1 10.347638
1 680 295994 799 90669 665 1358 111 42 121 10 82 36 529.000000 25.000000 0.735744 0.843137 0 1 20.728014
1 3819 565038 2822 5836445 5139 6547 83 17 121 63 303 37 300.000000 106.000000 0.417246 0.973347 0 1 23.882910
1 3100 1628209 3112 1425804 3746 5973 229 81 192 90 355 56 374.000000 83.000000 0.523809 0.924662 0 1 24592.517797
1 691 756862 736 76637 1051 1353 74 13 68 25 56 37 507.000000 16.000000 0.719149 0.896286 0 1 10.725610
1 407 143837 559 66225 469 877 79 18 75 19 92 33 487.000000 25.000000 0.677330 0.826087 0 1 15.231873
1 1152 1246356 1115 138618 1145 2201 56 12 83 8 95 38 449.000000 68.000000 0.635977 0.946184 0 1 14.997934
1 1957 877685 1749 434153 1957 3581 115 35 189 87 329 31 447.000000 32.000000 0.650655 0.935240 0 1 42.062682
1 1219 766685 1171 197468 1303 2268 122 47 117 51 159 31 272.000000 31.000000 0.593886 0.897908 0 1 23.553412
1 770 821210 858 85243 1078 1504 114 13 63 37 124 39 506.000000 14.000000 0.704735 0.853808 0 1 9.509937
1 139 29542 259 30559 220 319 69 11 55 16 48 25 599.000000 7.000000 0.838936 0.628141 0 1 8.463514
1 93 13751 198 21078 141 236 45 5 47 1 38 20 602.000000 5.000000 0.843137 0.656357 0 1 5.960182
1 123 30587 208 24762 144 266 55 4 49 11 24 20 620.000000 6.000000 0.868347 0.637462 0 1 6.340866
1 85 10492 192 18070 146 239 38 5 46 10 47 15 620.000000 10.000000 0.862309 0.725632 0 1 5.675912
1 102 11547 231 24889 139 223 100 7 47 6 35 22 601.000000 8.000000 0.835883 0.369369 0 1 5.924835
1 176 45537 277 32866 258 373 70 11 61 21 45 27 614.000000 6.000000 0.853964 0.668874 0 1 9.317102
1 111 29909 247 24301 189 300 48 7 49 11 62 22 601.000000 8.000000 0.835883 0.703911 0 1 6.600140
1 5393 3984044 4574 752386 5483 9744 213 59 241 158 400 51 389.000000 33.000000 0.541783 0.956256 0 1 49.670862
1 412 162773 673 88288 455 1000 75 19 90 36 72 34 506.000000 12.000000 0.703755 0.852535 0 1 15.532984
1 5456 3714767 4465 1198868 5841 9678 243 67 460 198 573 61 339.000000 42.000000 0.471488 0.951013 0 1 86.040062
1 2595 1939548 2905 413672 2707 5289 201 79 542 113 344 62 284.000000 71.000000 0.398876 0.925091 0 1 74.327628
1 5055 6260448 3700 358782 5406 8597 147 46 291 59 259 42 516.000000 69.000000 0.717663 0.965163 0 1 56.041638
1 4079 3768377 3365 634788 4536 7255 179 51 459 76 346 51 457.000000 26.000000 0.640954 0.950564 0 1 75.046661
1 955 435565 971 131788 995 1786 130 38 143 61 158 34 585.000000 15.000000 0.819328 0.859813 0 1 28.454433
1 3060 1942023 3306 348519 3495 5849 513 213 211 185 223 48 401.000000 128.000000 0.557719 0.838203 0 1 7868.211339
1 10636 6944221 11815 1402689 12638 21167 1284 634 1048 901 1008 133 223.000000 176.000000 0.310153 0.885618 0 1 7583.717433
1 5113 5465240 4363 376222 5086 8878 598 297 138 66 232 56 468.000000 110.000000 0.657303 0.873786 0 1 8562.984915
1 3790 2285428 3998 499414 3544 7238 550 266 357 226 287 46 468.000000 80.000000 0.664773 0.858757 0 1 6339.894268
1 11 836 17 1298 0 0 28 0 0 0 0 2 693.000000 1.000000 0.976056 1.000000 0 0 0.000000
1 74 20082 93 9847 60 129 38 15 8 7 9 8 691.000000 5.000000 0.962396 0.544910 0 1 904.920934
1 1365 497743 1623 231622 1273 2791 197 92 264 135 135 21 549.000000 97.000000 0.780939 0.868139 0 1 5552.966130
1 262 133679 367 31570 245 515 114 44 83 8 21 17 596.000000 12.000000 0.877761 0.637520 0 1 7073.408236
1 863 432244 1061 105169 778 1596 218 102 163 49 79 28 425.000000 36.000000 0.675676 0.716216 0 1 6131.695827
1 221 44620 244 22037 112 246 115 57 15 16 12 7 616.000000 24.000000 0.871287 0.281720 0 1 11216.643304
1 196 68555 212 22361 40 349 27 12 9 0 11 8 340.000000 10.000000 0.821256 0.789216 0 1 4075.902412
1 18 5062 27 3220 15 34 11 1 1 0 2 4 679.000000 2.000000 0.979798 0.511111 0 1 0.043384
1 166 30077 218 22063 39 221 59 16 5 1 6 7 590.000000 17.000000 0.895296 0.421875 0 1 2129.259790
1 1778 1106184 2016 234314 1624 3470 324 163 94 141 154 36 588.000000 21.000000 0.858394 0.829204 0 1 6356.350357
1 1 76 7 705 0 0 8 0 0 0 0 3 676.000000 2.000000 0.989751 1.000000 0 0 0.000000
1 28 8784 39 3561 24 50 17 7 5 0 2 5 515.000000 3.000000 0.982824 0.492537 0 1 707.600495
1 409 159999 440 48209 348 715 134 59 28 17 34 13 610.000000 12.000000 0.886628 0.684335 0 1 8325.523693
1 197 70063 224 21230 151 327 94 41 11 20 13 7 671.000000 9.000000 0.973875 0.553444 0 1 8525.919335
1 450 216726 730 75122 370 984 196 98 259 49 45 17 471.000000 15.000000 0.826316 0.667797 0 1 8283.932004
1 1813 1125033 1773 233872 2007 3205 314 157 77 94 145 19 556.000000 30.000000 0.774373 0.806191 0 1 7738.138429
1 2142 935281 2317 407214 2093 4003 456 229 199 124 162 36 195.000000 70.000000 0.507812 0.795470 0 1 8858.716016
1 554 369987 715 55325 805 980 289 144 61 18 89 27 604.000000 24.000000 0.842399 0.544523 0 1 5597.397969
1 375 158758 373 37276 336 660 88 42 24 29 46 10 378.000000 5.000000 0.864989 0.764706 0 1 8419.241937
1 614 360536 739 98312 761 1098 255 128 104 29 50 17 609.000000 25.000000 0.914414 0.623060 0 1 9269.015947
1 3525 1979327 2846 351380 3288 5876 495 248 158 241 649 37 564.000000 19.000000 0.784423 0.844608 0 1 8785.804642
1 1829 650174 1752 211793 1721 3220 350 174 142 142 252 29 577.000000 16.000000 0.802503 0.801452 0 1 8158.503304
1 1943 1920614 1786 126640 1715 2954 186 92 66 72 122 20 292.000000 209.000000 0.437126 0.742290 0 1 6164.272990
1 54 9560 55 3498 8 19 90 44 2 4 2 8 496.000000 3.000000 0.964981 0.651376 0 1 1.000290
1 956 502870 1067 106823 936 1653 370 185 80 67 115 19 630.000000 32.000000 0.878661 0.634207 0 1 6745.755614
1 1996 1428374 1993 228438 1864 3632 321 165 165 98 159 40 586.000000 18.000000 0.815021 0.830033 0 1 8787.617923
1 2742 1099016 2926 298174 1375 3459 294 157 142 160 168 39 416.000000 48.000000 0.619048 0.558398 0 1 5677.510679
1 3640 2072974 4041 528288 4836 7133 548 261 268 198 488 65 451.000000 116.000000 0.627260 0.857310 0 1 6138.825085
1 831 488879 876 84759 12 1032 20 0 15 8 40 11 574.000000 22.000000 0.830680 0.592853 0 1 6356.120176
2 803 353238 1125 133273 874 1811 108 53 257 60 176 41 399.000000 40.000000 0.555710 0.883299 0 3 8567.811580
2 912 458666 1094 129248 946 1929 77 33 127 64 156 39 415.000000 126.000000 0.581232 0.923230 0 3 10321.134638
2 3255 1597012 3638 414512 2173 3340 3466 86 236 72 188 66 408.000000 93.000000 0.567455 0.018279 0 3 10500.489566
2 946 355339 999 104211 730 1620 93 45 146 27 206 41 435.000000 19.000000 0.605007 0.785090 0 3 13483.020129
2 55298 55176483 21370 1477843 1694 76159 209 159 314 101 296 48 342.000000 102.000000 0.475661 0.990635 0 3 9847.979417
2 72725 72495121 30070 2287611 372 102453 120 59 386 167 431 31 256.000000 318.000000 0.356050 0.995506 0 3 7789.836006
2 439 61982 494 49549 181 791 69 23 53 21 110 17 487.000000 18.000000 0.678273 0.773848 0 2 12034.782655
2 1632 990764 1774 242257 2109 3190 216 120 197 68 226 68 440.000000 41.000000 0.614525 0.873165 0 3 10651.152539
2 3999 3942746 2889 241197 5811 6784 104 52 210 59 218 53 408.000000 65.000000 0.570629 0.969803 0 3 9001.646767
2 1192 410973 1312 207196 881 2260 76 39 176 57 173 29 421.000000 20.000000 0.585535 0.872204 0 3 9954.052676
2 671 179742 798 107407 574 1359 96 41 108 30 128 37 511.000000 29.000000 0.713687 0.859769 0 3 10619.883148
2 12905 9937300 9474 1288689 13635 19316 3063 119 477 271 1462 74 351.000000 189.000000 0.488178 0.726261 0 3 7964.247329
2 3917 3271331 3809 435000 5040 7297 414 206 354 113 534 114 302.000000 144.000000 0.420028 0.890888 0 3 9794.641020
2 13395 14163164 9876 1805322 13828 22991 280 139 422 278 1272 84 230.000000 113.000000 0.319889 0.975936 0 3 9470.956974
2 733 161814 872 112493 462 1540 65 25 106 52 143 33 444.000000 17.000000 0.617524 0.919003 0 3 7733.984442
2 16556 20655019 10367 952844 15086 26580 343 170 401 171 986 78 283.000000 44.000000 0.393602 0.974520 0 3 3352.325263
2 10792 11634460 5385 752181 5789 16000 145 65 218 101 257 71 183.000000 76.000000 0.382845 0.980095 0 3 8882.726268
2 16392 14007350 11332 2798487 8421 27445 279 141 595 310 983 88 180.000000 115.000000 0.250348 0.979873 0 3 6224.622355
2 20941 15328677 19362 4463028 12716 29939 10364 284 715 269 1135 150 92.000000 376.000000 0.127955 0.485696 0 3 9410.366751
2 7304 6343337 6670 1110970 8714 12566 1300 199 466 382 860 99 48.000000 330.000000 0.066759 0.806212 0 3 5418.764113
2 8398 7047457 9178 1068799 10854 15980 1581 193 643 342 1018 129 87.000000 435.000000 0.121001 0.819242 0 3 4924.324548
2 9117 3517319 10298 1528868 5899 16318 3062 206 568 219 1059 135 0.000000 720.000000 0.000000 0.682771 0 3 17891.476846
2 25266 28211115 15295 5044182 26519 38362 2180 163 1127 283 794 176 0.000000 720.000000 0.000000 0.892039 0 3 12414.213009
2 11092 5812132 11278 2533703 11261 19348 2592 226 714 275 1288 214 2.000000 720.000000 0.002782 0.749039 0 3 14901.570862
2 6438 2858764 7162 1487082 5604 11994 1079 321 624 217 984 162 65.000000 245.000000 0.090403 0.802574 0 3 16313.079483
2 3599 3764937 2608 304498 3844 5594 423 55 189 79 414 76 295.000000 36.000000 0.410864 0.833092 0 3 8194.264394
2 13902 13846958 8359 1007035 6331 21436 659 223 424 177 592 69 259.000000 52.000000 0.360223 0.933336 0 3 4745.090196
2 6861 9501647 4142 300790 9403 10594 407 61 164 79 155 38 438.000000 33.000000 0.609179 0.925838 0 3 5052.365533
2 1591 815008 1352 154574 828 2319 624 68 184 27 114 41 379.000000 76.000000 0.528591 0.575943 0 3 5808.674285
2 825 423131 696 88856 549 1193 328 44 70 27 67 18 451.000000 15.000000 0.643367 0.568705 0 2 1847.083463
2 1141 645152 1033 104294 1037 1853 321 47 138 45 125 33 438.000000 30.000000 0.610879 0.704692 0 2 1608.559384
2 2845 1633754 2565 497448 2410 5095 315 71 165 75 264 39 332.000000 56.000000 0.462396 0.883549 0 3 2375.728815
2 12554 10803964 11141 1528219 11012 22734 961 132 530 264 1209 87 86.000000 258.000000 0.120617 0.918886 0 2 940.196174
2 5837 3513896 4966 977895 3879 9922 881 151 354 192 443 81 277.000000 125.000000 0.385257 0.836897 0 3 1808.585056
2 926 127419 1282 115943 459 1858 350 67 77 102 337 59 312.000000 87.000000 0.434540 0.682971 0 2 1543.866654
2 973 597970 819 100815 742 1551 241 51 89 29 91 24 456.000000 13.000000 0.642254 0.731027 0 2 1798.108952
