2 44529 53737941 34362 4038264 51857 70288 7638 1364 1219 469 2354 475 10.000000 720.000000 0.013908 0.794134 0 4 23214.525595
2 38373 36084675 33566 4578580 46936 62157 9331 1827 1930 1317 2497 791 -1.000000 720.000000 -0.001391 0.734317 0 4 16773.924868
2 89572 100822894 72177 9666336 113842 145815 14818 2261 1736 1009 2658 765 -1.000000 720.000000 -0.001391 0.809878 0 4 18926.141308
2 224217 285678872 120742 11242613 231518 263282 80677 2930 4221 2586 3342 1040 -1.000000 720.000000 -0.001391 0.529353 0 4 22449.743882
2 363775 479653025 222649 18715127 473505 512498 72854 2281 8072 2328 5959 1756 -1.000000 720.000000 -0.001391 0.749703 0 4 22553.110982
2 200021 241787510 125956 14338810 217330 268798 56349 2541 7131 2018 4746 1650 -1.000000 720.000000 -0.001391 0.651730 0 5 24482.272638
2 42949 43840430 43467 5780341 56139 75672 10046 1771 5835 972 2784 1429 -1.000000 720.000000 -0.001391 0.759420 0 4 19295.059542
2 59895 68839320 54166 6331845 67614 104884 8398 1687 5894 850 2837 1400 -1.000000 720.000000 -0.001391 0.845916 0 4 19173.173139
2 45489 48595290 48103 5738232 55741 84592 8007 1704 10448 1205 2787 1473 -1.000000 720.000000 -0.001391 0.818286 0 4 17939.810360
2 59007 66733790 55063 6944550 69419 103924 9561 1247 6645 571 2765 1205 -1.000000 720.000000 -0.001391 0.827238 0 4 17145.867177
2 19968 13721162 22385 5339287 19263 29705 12210 1398 1981 356 1779 643 -1.000000 720.000000 -0.001391 0.413076 0 4 21425.163544
2 52688 46626460 51749 10080371 53340 91681 12415 1542 3033 839 4157 744 -1.000000 720.000000 -0.001391 0.758984 0 4 22839.428768
2 29296 30341401 28673 3719884 35168 51594 5331 959 1882 387 2167 583 -1.000000 720.000000 -0.001391 0.798064 0 4 20923.633221
2 26758 22685571 25872 5093250 28447 42427 9733 1123 2194 394 1761 557 -1.000000 720.000000 -0.001391 0.621205 0 4 22953.853018
2 17734 12197842 18689 4230275 16661 26043 9929 1106 1788 685 1654 489 -1.000000 720.000000 -0.001391 0.442413 0 4 19389.575303
2 11136 6400881 12880 2206297 8549 16377 7276 873 1604 242 1281 483 -1.000000 720.000000 -0.001391 0.378956 0 4 19833.603070
2 87547 87265161 61756 7142674 43257 138187 10469 1090 1991 282 1630 594 -1.000000 720.000000 -0.001391 0.855428 0 4 20856.111404
2 42943 36697226 43104 7003478 42388 72071 12303 1228 2624 885 3294 779 -1.000000 720.000000 -0.001391 0.694597 0 4 20211.691525
2 67016 78379088 56052 6971411 82489 113918 7966 1637 2045 1047 3151 754 -1.000000 720.000000 -0.001391 0.860922 0 4 14577.097234
2 93926 100880244 77846 10953672 108526 161667 8612 2062 3746 1650 5554 812 -1.000000 720.000000 -0.001391 0.891036 0 4 23206.165156
2 38891 33327101 38007 4910635 32755 67590 7704 1217 3420 1284 3175 868 -1.000000 720.000000 -0.001391 0.778772 0 4 22203.740022
2 110268 131122733 94476 10038091 127807 193866 9167 1891 8088 2451 4168 1657 -1.000000 720.000000 -0.001391 0.902097 0 4 20754.089046
2 121877 154546060 100557 8385157 173598 212023 9473 2255 9908 2375 3423 1498 -1.000000 720.000000 -0.001391 0.910607 0 4 14821.897468
2 77055 85735649 70802 7381782 92494 137456 9212 1608 7962 1623 4179 1545 -1.000000 720.000000 -0.001391 0.867352 0 4 16958.927222
2 75968 77402651 64615 6769280 65597 129821 8739 1478 8546 1759 4513 1774 -1.000000 720.000000 -0.001391 0.861285 0 4 17204.476666
2 83279 93959217 77858 8828835 63860 150718 8989 1790 13414 1618 4497 1543 -1.000000 720.000000 -0.001391 0.879556 0 4 16703.664494
2 65482 58605087 70959 8786868 64853 125628 9067 1697 14323 1408 4834 1414 -1.000000 720.000000 -0.001391 0.854296 0 4 16752.103519
2 65279 55022911 75559 8906300 70388 128135 9949 1683 15540 1722 5790 1663 -1.000000 720.000000 -0.001391 0.839163 0 4 17760.551339
2 65146 62937836 66916 7151456 76537 119872 10114 1947 15178 1976 4694 1733 -1.000000 720.000000 -0.001391 0.831110 0 4 17188.673077
2 60797 50933292 68075 7288112 64477 118664 6876 1567 15033 1596 5718 1457 -1.000000 720.000000 -0.001391 0.867434 0 5 17637.338007
2 62584 53798558 69487 7940771 65510 120727 9642 1916 15456 1711 4605 1443 -1.000000 720.000000 -0.001391 0.841101 0 4 17741.168699
2 52425 39285205 56273 7255908 40655 82334 24809 1953 6049 1048 3932 1099 -1.000000 720.000000 -0.001391 0.529219 0 4 17920.107035
2 91723 82731207 91696 11383522 107811 161486 20717 2918 3867 1862 5382 875 -1.000000 720.000000 -0.001391 0.767472 0 4 22115.517335
2 43908 34440030 46912 7178200 49509 74133 14917 1443 2971 668 2695 864 -1.000000 720.000000 -0.001391 0.652015 0 5 23753.844242
2 73686 74189467 71602 9416097 78660 107976 35619 1244 3498 717 2234 965 -1.000000 720.000000 -0.001391 0.498025 0 4 22206.951921
2 91026 77850447 92332 12838379 54761 98614 84413 1864 4066 1547 3850 967 0.000000 720.000000 0.000000 0.077450 0 4 22799.206851
2 64203 43651389 72074 11915990 37809 78380 56790 1775 4608 1873 4114 1064 -1.000000 720.000000 -0.001391 0.158427 0 4 16663.722374
2 54516 49968673 53315 7711856 57321 87821 19145 1201 3515 1110 3716 955 -1.000000 720.000000 -0.001391 0.636886 0 4 20281.398692
2 41645 28067907 45010 7996313 37440 73706 12043 1297 3298 1041 3646 696 -1.000000 720.000000 -0.001391 0.711592 0 4 14650.834503
2 77106 90680292 56736 6923166 92688 123271 9367 1207 3021 631 3121 731 -1.000000 720.000000 -0.001391 0.851033 0 4 16681.012638
2 86526 106230410 67887 7746943 105914 143628 9286 1250 2790 643 2638 792 -1.000000 720.000000 -0.001391 0.870017 0 4 16280.054715
2 161652 214965593 117181 9525474 226473 267969 10294 1556 3096 1000 2982 816 -1.000000 720.000000 -0.001391 0.924119 0 4 17314.916093
2 44626 33197150 41328 7569700 41544 71581 13662 1370 3059 635 3814 665 -1.000000 720.000000 -0.001391 0.673837 0 4 18112.642802
2 53122 53651834 46086 5336789 63219 87984 10247 1140 1901 308 1698 622 -1.000000 720.000000 -0.001391 0.783576 0 4 15329.938028
2 55229 50904724 50698 6059868 43862 73963 29884 576 4602 842 2614 870 -1.000000 720.000000 -0.001391 0.416126 0 4 3182.351372
2 232115 267031891 135677 12689117 314974 345016 20941 718 5095 838 3293 956 -1.000000 720.000000 -0.001391 0.881137 0 4 1256.110937
2 231058 277050542 127657 7807756 326416 345853 11154 376 3934 431 1541 521 -1.000000 720.000000 -0.001391 0.933050 0 4 775.521098
2 224865 276216409 120854 6665004 329654 336904 7184 276 3116 210 928 407 -1.000000 720.000000 -0.001391 0.953723 0 4 1809.231357
2 278725 333041944 149398 8554294 386107 421166 5190 1110 4679 823 2197 773 -1.000000 720.000000 -0.001391 0.971627 0 4 3131.457674
2 295275 347859915 157654 9481861 404443 446143 4873 830 4343 851 2863 781 -1.000000 720.000000 -0.001391 0.974259 0 4 4865.859857
2 232407 283242437 125905 7238053 342975 351847 4656 380 3342 395 1800 566 -1.000000 720.000000 -0.001391 0.968963 0 4 6380.879478
2 244372 300567629 131575 7187893 357594 367363 6783 480 3388 521 1834 511 -1.000000 720.000000 -0.001391 0.959125 0 4 7570.852258
2 114091 136305857 64003 4032577 164547 171559 4716 304 2555 270 1075 444 -1.000000 720.000000 -0.001391 0.936826 0 4 8652.916844
2 177568 242217811 111406 6726464 175722 279851 7098 370 2504 394 1141 544 -1.000000 720.000000 -0.001391 0.943867 0 5 9667.507670
2 187953 254915365 122075 7003989 190980 302489 5247 402 2763 491 1266 530 -1.000000 720.000000 -0.001391 0.958759 0 5 11351.504016
2 238163 281717872 133565 7993018 326885 363009 6503 600 3234 534 1667 603 -1.000000 720.000000 -0.001391 0.959051 0 4 12571.578495
2 76073 72548358 54462 7561666 67555 98854 29464 384 3370 504 1640 620 -1.000000 720.000000 -0.001391 0.531582 0 4 13970.952249
2 141253 142569922 115889 15050280 63556 210717 42519 1254 5476 981 3588 1250 -1.000000 720.000000 -0.001391 0.654105 0 4 16033.214625
2 127672 97007024 74956 11129058 49497 75877 123664 674 4784 911 2992 867 -1.000000 720.000000 -0.001391 0.235836 0 4 18335.342761
2 353601 377386866 258459 19928354 286344 507068 102952 559 4739 1738 3085 843 -1.000000 720.000000 -0.001391 0.660256 0 4 18590.185241
2 314062 330523016 222975 19224098 260610 435774 99160 808 5329 1158 3639 968 -1.000000 720.000000 -0.001391 0.626799 0 5 16471.001397
2 74597 62069358 60522 10669300 70668 118978 14455 760 5454 1183 3710 921 -1.000000 720.000000 -0.001391 0.773563 0 4 14237.638687
2 148647 153341155 101996 8771504 181843 238424 10508 1144 5528 1189 4282 1063 -1.000000 720.000000 -0.001391 0.909325 0 4 11784.864849
2 213847 237941099 140178 9882535 282850 345104 7268 1074 5704 1049 4106 1040 -1.000000 720.000000 -0.001391 0.954272 0 4 9233.537803
2 182146 207003145 123048 9396706 274813 296109 7492 623 4867 868 2932 807 -1.000000 720.000000 -0.001391 0.945684 0 4 6871.252004
2 230161 247949047 192462 14315872 252134 412075 8558 677 5742 1980 3632 815 -1.000000 720.000000 -0.001391 0.954792 0 4 4875.286730
2 310349 334028298 229765 14713692 323996 528955 9381 969 5316 1111 3840 784 -1.000000 720.000000 -0.001391 0.961971 0 4 2629.511342
2 276230 321392775 226699 16040375 307071 487491 14007 680 4336 583 2529 647 -1.000000 720.000000 -0.001391 0.941453 0 4 695.260351
2 247359 285039459 159470 11995362 281199 396866 8409 488 4653 700 2748 581 -1.000000 720.000000 -0.001391 0.954841 0 4 1307.201475
2 100485 107689130 63923 5269189 137507 157011 5948 556 5158 827 2507 569 6.000000 712.000000 0.008345 0.918830 0 4 2975.340423
2 41150 34136083 35267 4289554 42881 69758 5085 704 4793 677 2812 718 -1.000000 720.000000 -0.001391 0.846317 0 4 4706.604151
2 236456 272214996 148687 10942160 236183 379055 4582 569 4681 999 3023 708 -1.000000 720.000000 -0.001391 0.972296 0 4 6467.510727
2 83144 88927062 53917 4316535 88376 130160 5620 541 4003 540 2452 598 -1.000000 720.000000 -0.001391 0.908647 0 4 8110.092665
2 116549 130889955 82099 6148667 117912 191408 6844 617 4171 998 2319 729 -1.000000 720.000000 -0.001391 0.929101 0 4 9633.769365
2 170447 195572860 116934 7649734 178396 280601 6561 573 4387 729 2443 803 -1.000000 720.000000 -0.001391 0.953577 0 5 11440.912366
2 194589 217081908 120662 15078914 195896 311026 4064 382 3374 277 1350 586 -1.000000 720.000000 -0.001391 0.973707 0 4 12890.044233
2 118957 140899262 70664 4236949 117744 187059 2234 301 2841 249 786 437 -1.000000 720.000000 -0.001391 0.974707 0 3 13972.716658
2 98987 117599091 55342 2889312 97254 150158 2638 169 2512 137 615 349 -1.000000 720.000000 -0.001391 0.955880 0 2 14869.514662
2 14425 10984825 12106 1040662 12184 17263 7551 186 2446 201 624 428 -1.000000 720.000000 -0.001391 0.366062 0 3 15744.911436
2 6904 2182404 8996 1095493 4672 10409 3826 170 2148 147 617 294 -1.000000 720.000000 -0.001391 0.414025 0 3 16510.457805
2 10771 5557861 12655 1425224 9292 19033 2823 163 2198 179 645 260 -1.000000 720.000000 -0.001391 0.691966 0 3 17206.639225
2 15388 8870207 15381 1929570 14775 27254 2059 261 2374 257 755 296 -1.000000 720.000000 -0.001391 0.818844 0 4 17940.061176
2 81903 93120322 49154 3478439 83567 126915 2677 318 2917 275 1557 362 -1.000000 720.000000 -0.001391 0.947969 0 2 18888.823247
2 18070 12185188 16681 2505360 20113 30951 2357 368 2926 412 1843 433 -1.000000 720.000000 -0.001391 0.822825 0 2 18893.581366
2 34743 48895324 24616 2075611 45213 56890 1510 398 472 181 1332 235 122.000000 127.000000 0.169680 0.932967 0 2 13170.213855
2 58296 104704715 51544 3225518 103778 108485 1302 517 585 371 912 254 112.000000 116.000000 0.155989 0.975810 0 1 9551.587887
2 14302 11172553 15192 2979176 15031 27649 1646 687 628 437 1190 254 83.000000 255.000000 0.115438 0.881637 0 2 13275.971350
2 198043 261599430 106270 8935105 208339 229833 74051 1206 3618 1093 2530 664 4.000000 720.000000 0.005563 0.511914 0 2 22864.727278
2 356961 495002279 207910 15532193 469331 496319 67796 1444 6686 1488 3893 1155 -1.000000 720.000000 -0.001391 0.758621 0 2 24338.258167
2 305693 441290309 211318 16885853 428211 465457 50968 1423 6826 1625 4446 1348 -1.000000 720.000000 -0.001391 0.801702 0 3 25071.264161
2 20970 17937607 25176 3530547 25899 43594 2083 884 5058 752 1539 971 0.000000 720.000000 0.000000 0.899558 0 2 19743.567364
2 89247 124614166 83820 6161661 137357 169748 2022 807 5203 653 1468 1018 -1.000000 720.000000 -0.001391 0.969139 0 2 18894.523511
2 34923 42123691 41695 4625964 48225 73589 2219 696 9721 879 2004 1115 -1.000000 720.000000 -0.001391 0.931504 0 2 17866.904573
2 35328 44767739 39682 4132975 51175 73291 1308 468 6057 551 1397 867 2.000000 673.000000 0.002782 0.959645 0 2 17368.166415
2 15208 16209039 16088 2033604 21803 29807 1329 483 1668 237 1012 311 17.000000 720.000000 0.023644 0.909957 0 2 21784.796738
2 34345 34025989 34619 5594731 43681 66602 1960 764 2521 752 3051 461 7.000000 720.000000 0.009736 0.937330 0 2 22347.622197
2 22357 29563226 21616 1935516 31514 41641 1116 404 1404 351 1034 215 24.000000 720.000000 0.033380 0.921588 0 2 19494.632334
2 16053 21353571 15620 1263061 26749 30417 992 337 1389 269 686 199 48.000000 720.000000 0.066759 0.929025 0 2 20217.018246
2 1300 395297 2488 288170 819 2896 722 209 1109 34 189 90 47.000000 403.000000 0.065369 0.573918 0 2 8645.664753
2 2125 1058010 3385 371596 2072 4643 801 245 1164 79 302 120 44.000000 377.000000 0.061196 0.697278 0 2 15107.047978
2 40506 52965614 37316 2701370 41604 76757 1062 390 1629 209 710 259 49.000000 590.000000 0.068150 0.972668 0 2 19496.007281
2 39874 44879431 38579 4401700 49799 76310 1492 545 2265 851 2559 435 3.000000 720.000000 0.004172 0.953667 0 2 20455.136836
2 65415 89327914 53137 4525916 92522 116641 1481 561 1406 737 2164 423 2.000000 720.000000 0.002782 0.971388 0 2 13385.202650
2 92146 108921757 74424 10152550 116652 163778 2554 1108 3629 1528 5134 507 -1.000000 720.000000 -0.001391 0.967905 0 2 22306.488457
2 28160 30741965 27397 3615789 31837 53791 1721 592 2631 573 2056 440 13.000000 720.000000 0.018081 0.937236 0 2 24185.581167
2 113507 144937205 100221 10078493 144335 209227 3670 1044 8502 1724 3603 1300 -1.000000 720.000000 -0.001391 0.961769 0 2 22317.244756
2 189559 274055571 153743 11881493 301681 339228 3331 1108 10272 1948 2601 1204 -1.000000 720.000000 -0.001391 0.978430 0 2 15561.499585
2 53100 70035057 52140 4266469 73136 103076 1877 482 8467 901 1748 999 -1.000000 720.000000 -0.001391 0.961602 0 2 17121.011237
2 76401 98702279 69346 6752798 88593 141790 3202 981 11330 1112 2835 1251 -1.000000 720.000000 -0.001391 0.950881 0 2 17048.362040
2 82009 77444155 94586 40476863 66316 173049 3404 819 14532 1036 3299 1125 -1.000000 720.000000 -0.001391 0.960644 0 2 17643.545195
2 54996 56070989 70720 7149738 68730 120681 3051 917 14696 1501 3385 1036 -1.000000 720.000000 -0.001391 0.935680 0 2 15636.026592
2 188737 307783687 182486 13514665 313947 362244 3390 1212 15659 1494 4540 1290 -1.000000 720.000000 -0.001391 0.966680 0 2 19540.715692
2 107129 130310302 97241 9190150 78825 196524 2993 922 15123 1435 4770 1212 -1.000000 720.000000 -0.001391 0.946964 0 4 16188.725361
2 45609 41583949 56615 6259615 52947 96971 2562 800 15615 1052 2974 1124 -1.000000 720.000000 -0.001391 0.923550 0 2 17548.823178
2 39400 41218444 45069 5182249 54411 80861 2332 668 7011 744 2262 684 -1.000000 720.000000 -0.001391 0.929678 0 2 15232.236480
2 67544 70171865 67184 8836696 90453 129024 3244 1109 3730 1288 4206 467 -1.000000 720.000000 -0.001391 0.933585 0 3 22107.328814
2 40307 34320790 36649 7680598 39501 70900 5977 698 2924 535 2077 432 -1.000000 720.000000 -0.001391 0.843638 0 2 23485.692289
2 29935 22890879 32178 6623499 33260 59085 2126 656 2540 489 1652 401 -1.000000 720.000000 -0.001391 0.917022 0 2 14985.933241
2 33023 27506907 36046 5526138 39640 66286 2054 612 2855 728 2765 451 -1.000000 720.000000 -0.001391 0.929969 0 2 18871.908207
2 80692 100224280 72030 7780101 114192 149683 2057 625 2927 875 3234 373 -1.000000 720.000000 -0.001391 0.966632 0 2 13989.192269
2 58368 71048779 41029 4271283 76649 96661 1825 537 2417 593 1859 349 -1.000000 720.000000 -0.001391 0.954113 0 2 14706.876031
2 82754 113537920 66784 6110457 109978 146099 1951 572 2011 438 1436 389 0.000000 672.000000 0.000000 0.963956 0 2 15993.297813
2 309335 486493405 236749 14231319 500253 542904 2300 735 3036 1016 2413 474 -1.000000 720.000000 -0.001391 0.989965 0 2 16859.984140
2 59295 72067388 53051 4963725 85324 109754 1971 606 2714 875 2951 381 -1.000000 720.000000 -0.001391 0.959384 0 2 15605.855584
2 71383 97543889 61605 4896664 114906 130221 1722 484 1871 376 1335 323 -1.000000 720.000000 -0.001391 0.966245 0 2 14635.205748
2 124324 169564277 109178 9390080 197043 230753 2288 731 3034 1073 3119 521 -1.000000 720.000000 -0.001391 0.978428 0 2 14561.390688
2 46384 66569213 41103 3806928 72656 85676 1533 334 1374 292 1061 232 -1.000000 720.000000 -0.001391 0.961777 0 2 15778.037035
2 3981 1938762 5173 886504 2750 6502 2532 339 1254 46 347 153 51.000000 326.000000 0.070932 0.433690 0 2 12271.876937
2 1791 786075 3166 413076 1385 3686 1257 244 1160 18 104 80 46.000000 414.000000 0.063978 0.490014 0 2 10235.064486
1 2223 1301046 2995 658966 2648 4981 236 45 339 140 726 57 176.000000 74.000000 0.245125 0.909352 0 1 87.270842
1 3082 1023766 3251 1651100 3299 6198 125 14 197 115 612 32 168.000000 85.000000 0.233658 0.958945 0 1 56.591314
1 4893 2208828 5148 2582502 3510 9684 347 48 541 136 762 55 94.000000 125.000000 0.130737 0.929887 0 1 166.620033
1 4511 2183179 4925 2326116 3316 8816 610 36 487 132 852 52 114.000000 281.000000 0.158774 0.869648 0 1 155.779346
1 3029 1099426 3418 1968700 2724 6262 175 17 233 100 699 26 170.000000 41.000000 0.236439 0.944160 0 1 80.872535
1 3884 1339968 4049 2876771 4049 7745 188 38 287 102 774 41 102.000000 144.000000 0.141864 0.952603 0 1 75.535171
1 3478 1025480 3536 2109821 3388 6891 113 8 195 85 673 18 135.000000 127.000000 0.187761 0.966353 0 1 57.846261
1 5706 1445030 5205 4263465 5338 10678 222 23 416 89 734 52 67.000000 285.000000 0.093185 0.958299 0 1 87.919311
1 5993 1346259 4980 4983641 5825 10757 206 20 277 93 702 36 109.000000 153.000000 0.151599 0.961542 0 1 77.205507
1 11875 1568309 8169 11777861 11773 19827 207 34 402 115 743 50 70.000000 158.000000 0.097357 0.978847 0 1 85.249207
1 18443 7528506 12874 14266286 17989 30981 336 45 448 189 965 54 52.000000 522.000000 0.072323 0.978542 0 1 134.798045
1 6120 1497932 5205 5258414 5715 11106 209 23 350 116 742 42 111.000000 283.000000 0.154381 0.962207 0 1 101.296937
1 2078 1476438 2864 613316 2290 4752 180 35 212 113 686 34 103.000000 142.000000 0.143255 0.925131 0 1 60.890596
1 1035 441554 1701 433364 949 2604 122 15 128 99 522 21 170.000000 76.000000 0.236439 0.907164 0 1 36.990490
1 1189 416232 1835 545899 1103 2911 103 7 87 90 467 19 123.000000 118.000000 0.171071 0.928571 0 1 28.828663
1 1868 881314 2556 634685 1978 4246 178 29 190 96 629 35 115.000000 169.000000 0.159944 0.919530 0 1 49.425409
1 1410 603544 2061 698766 1407 3335 126 16 100 87 465 24 147.000000 58.000000 0.204451 0.924517 0 1 29.088174
1 1537 686814 2350 447008 1660 3695 192 52 200 116 687 43 132.000000 97.000000 0.184100 0.901209 0 1 57.883282
1 1614 652615 2290 601200 1684 3771 122 16 151 108 576 25 113.000000 189.000000 0.157163 0.934682 0 1 43.044620
1 728 241964 1440 247940 605 2038 120 11 120 82 494 25 152.000000 66.000000 0.211405 0.884686 0 1 34.648132
1 800 257243 1661 480345 665 2317 133 5 275 87 452 31 145.000000 89.000000 0.201950 0.887444 0 1 45.690500
1 3242 641777 3116 2908476 2936 6145 202 32 198 86 461 43 149.000000 94.000000 0.207232 0.934728 0 1 53.448018
1 12524 5901700 10203 8100170 11964 22336 391 82 754 208 1045 87 55.000000 144.000000 0.076495 0.965592 0 1 194.770643
1 4102 2910241 5169 827845 4584 8839 421 113 859 177 1023 97 100.000000 148.000000 0.139082 0.907993 0 1 164.034257
1 8555 10437800 9353 1019200 10497 13983 3831 56 906 296 760 313 15.000000 720.000000 0.020862 0.566897 0 1 129.818488
1 6049 8468274 6674 689509 5422 11967 723 30 919 298 619 305 40.000000 278.000000 0.055633 0.883754 0 1 141.329917
1 3573 2229589 3861 1407834 3203 7193 230 34 415 200 643 99 127.000000 84.000000 0.176634 0.936642 0 1 100.271690
1 3955 3171488 3813 1311133 3687 6493 1271 57 381 207 666 71 103.000000 146.000000 0.143255 0.672245 0 1 93.362621
1 1669 612452 2576 1089119 1522 4004 231 33 328 150 552 39 103.000000 221.000000 0.144056 0.888810 0 1 59.041031
1 2964 2332216 3749 853210 3320 5721 924 73 321 244 583 107 140.000000 164.000000 0.194715 0.714584 0 1 68.989262
1 2109 915071 3549 1026131 1708 4820 794 73 917 256 549 216 72.000000 447.000000 0.100139 0.711559 0 1 113.879938
1 1948 732242 3343 1016640 1810 4915 365 55 755 191 605 80 84.000000 238.000000 0.116829 0.859951 0 1 113.178842
1 3044 2269755 3743 694859 3043 6467 319 46 505 170 670 56 102.000000 208.000000 0.141864 0.905849 0 1 84.880011
1 3502 2510171 4356 1119295 2386 6776 1071 81 362 219 779 58 142.000000 87.000000 0.198324 0.726012 0 1 122.613416
1 995 260053 1752 235069 820 2486 246 46 169 126 618 50 222.000000 29.000000 0.310056 0.815435 0 1 58.271191
1 2516 1370376 3505 598757 1609 5615 396 60 436 195 766 62 173.000000 110.000000 0.240947 0.866800 0 1 129.114376
1 3813 2445487 4408 1276572 3615 7940 269 39 519 171 689 57 109.000000 177.000000 0.151599 0.933098 0 1 83.240603
1 4993 995996 4214 3837946 5006 9051 156 32 177 128 615 37 146.000000 77.000000 0.203060 0.966113 0 1 51.405129
1 3837 2260887 4419 822195 3371 7751 495 48 411 177 911 58 118.000000 110.000000 0.164345 0.878876 0 1 120.689101
1 3343 4220338 3924 498543 4848 6799 455 76 323 122 711 61 142.000000 137.000000 0.197772 0.872987 0 1 75.190226
1 1114 366581 2126 460652 847 2756 474 18 328 124 529 41 158.000000 148.000000 0.219750 0.704321 0 1 56.393286
1 10246 9938390 8833 6350714 9652 18386 683 24 543 164 725 34 85.000000 238.000000 0.118384 0.927879 0 1 111.548722
1 1898 1373431 2631 979630 2339 4306 223 45 200 162 590 52 162.000000 58.000000 0.225313 0.901524 0 1 58.808135
1 1816 1284167 2567 1076698 2248 4222 151 35 165 172 558 35 145.000000 78.000000 0.201669 0.928816 0 1 48.429438
1 1734 626668 2786 1160853 1831 4253 257 71 287 200 625 57 138.000000 66.000000 0.191933 0.884071 0 1 70.595867
1 1723 881921 2531 1070014 1682 4062 182 27 327 137 540 40 126.000000 138.000000 0.175487 0.912083 0 1 57.010105
1 1525 300586 2723 608709 1084 3715 490 21 407 236 124 51 200.000000 59.000000 0.278164 0.759181 0 1 84.467578
1 1767 687548 2801 631052 1367 3963 552 25 395 236 68 57 208.000000 42.000000 0.289291 0.746716 0 1 82.333626
1 5396 4921366 5174 741163 4622 10169 351 11 477 256 260 45 348.000000 43.000000 0.489451 0.928855 0 1 240.087288
1 5128 4157286 4710 715750 4260 9400 375 12 456 272 265 37 307.000000 66.000000 0.430575 0.917361 0 1 246.161759
1 3029 1334105 2969 411451 2970 5615 327 14 253 227 91 37 422.000000 31.000000 0.587744 0.881627 0 1 81.069260
1 1792 1233828 2326 395630 1032 3769 303 24 242 219 30 45 467.000000 11.000000 0.649513 0.841671 0 1 69.474774
1 11969 12280570 11241 1490120 11404 22638 486 28 631 295 919 59 238.000000 65.000000 0.334270 0.954416 0 1 450.935555
1 1299 271968 2028 362320 615 2959 321 15 236 233 104 41 422.000000 22.000000 0.587744 0.792907 0 1 68.126720
1 8462 7263531 8789 1338406 7738 16791 401 17 566 213 766 48 274.000000 101.000000 0.381085 0.950090 0 1 462.507740
1 3095 2432179 3345 590248 2853 5949 440 19 256 226 137 46 354.000000 29.000000 0.492350 0.855435 0 1 85.498013
1 7930 6091233 8102 1768039 8260 14851 1121 131 801 326 582 105 117.000000 100.000000 0.162726 0.856412 0 1 185.643274
1 1662 309880 2713 531723 753 3929 383 11 295 247 223 39 276.000000 45.000000 0.387640 0.810514 0 1 159.111253
1 1124 210052 1801 322561 306 2627 247 12 215 203 63 27 455.000000 21.000000 0.632823 0.813675 0 1 61.835913
1 1056 214364 1713 311278 180 2472 256 3 204 203 17 28 460.000000 16.000000 0.646067 0.800289 0 1 60.047295
1 2152 1409829 2796 1040412 1687 4581 325 10 241 205 62 37 417.000000 38.000000 0.579972 0.860146 0 1 79.406148
1 7668 5624058 7373 2238100 7520 14233 754 87 591 336 561 67 202.000000 81.000000 0.281729 0.896151 0 1 135.747837
1 3484 2645107 4153 960255 3647 7030 534 54 341 272 285 66 288.000000 50.000000 0.401114 0.850596 0 1 83.903562
1 1685 1303653 2419 384340 1362 3721 346 22 253 215 86 46 406.000000 17.000000 0.569425 0.822368 0 1 69.610786
1 1088 231043 1851 332333 220 2583 318 10 249 207 28 38 421.000000 27.000000 0.585535 0.770670 0 1 66.674161
1 3270 2944309 3940 610739 3922 6498 680 100 343 264 88 52 332.000000 52.000000 0.461752 0.806935 0 1 81.374253
1 10258 10466218 8958 1542473 9608 18132 1009 123 657 344 529 129 247.000000 91.000000 0.343533 0.891080 0 1 162.791754
1 17787 18547201 16106 2135824 18116 32762 1052 71 954 322 1710 100 86.000000 135.000000 0.119944 0.935591 0 1 774.068448
1 1168 243075 1883 335429 391 2694 302 7 211 201 87 30 434.000000 27.000000 0.605300 0.784005 0 1 60.613247
1 4910 4516508 5246 729668 4108 9722 385 13 347 214 361 39 260.000000 109.000000 0.361613 0.919358 0 1 210.568533
1 1424 539364 2131 370891 554 3191 315 8 217 199 57 31 376.000000 78.000000 0.525140 0.809001 0 1 26099.410056
1 1650 479769 2418 465016 893 3570 440 18 254 208 144 45 373.000000 49.000000 0.518776 0.769420 0 1 100.118603
1 5825 4752494 6903 897026 5023 12218 442 21 520 237 786 47 243.000000 98.000000 0.337969 0.925204 0 1 422.709876
1 1907 1156174 2566 409884 1472 4014 395 27 239 227 80 47 347.000000 60.000000 0.484637 0.809077 0 1 70.447866
1 4082 2513712 5011 849229 3270 8675 349 22 414 217 465 37 285.000000 65.000000 0.396384 0.915649 0 1 281.685943
1 4584 2828852 5541 1135083 3782 9602 451 28 427 236 467 53 266.000000 98.000000 0.369958 0.903802 0 1 247.780048
1 3296 1422649 4255 885254 2952 7104 378 26 442 229 634 44 349.000000 78.000000 0.491549 0.890743 0 1 264.879968
1 2120 905406 2837 487480 1594 4626 276 9 283 211 172 31 421.000000 30.000000 0.586351 0.877547 0 1 122.407416
1 6145 4272560 6932 1294785 5344 12570 429 30 563 217 750 51 296.000000 93.000000 0.413986 0.928424 0 1 447.262134
1 1178 222307 1749 310261 330 2692 189 3 215 201 122 23 493.000000 16.000000 0.692416 0.855142 0 1 75.712025
1 1254 349955 1841 346857 331 2784 259 13 208 197 23 30 465.000000 19.000000 0.649441 0.815832 0 1 63.197352
1 7340 5333431 7947 1584761 6956 14903 327 9 690 213 1100 33 264.000000 214.000000 0.368715 0.953490 0 1 660.916658
1 1615 655720 2231 424844 778 3535 269 6 264 198 134 32 423.000000 55.000000 0.588317 0.849194 0 1 130.358643
1 1306 339686 1960 385708 498 2850 345 25 232 212 54 47 468.000000 29.000000 0.657303 0.766993 0 1 70.708967
1 1015 184734 1636 299264 213 2373 233 13 206 203 26 26 510.000000 12.000000 0.716292 0.807243 0 1 59.466377
1 1025 188929 1599 293232 164 2359 219 10 204 197 14 24 541.000000 15.000000 0.752434 0.815549 0 1 59.491424
1 1037 205979 1608 294191 194 2413 192 4 205 200 22 21 510.000000 12.000000 0.716292 0.839698 0 1 60.420245
1 1029 222347 1621 293831 188 2411 199 4 206 200 12 21 520.000000 13.000000 0.730337 0.834717 0 1 59.315257
1 1138 233427 1733 314874 311 2525 277 17 216 202 40 36 525.000000 14.000000 0.730181 0.783002 0 1 66.541061
2 2221 964457 2412 514140 1082 4174 452 80 256 25 337 32 395.000000 188.000000 0.574128 0.803367 0 3 12239.053265
2 7336 6154948 6350 958642 7409 13051 529 140 562 251 834 120 213.000000 70.000000 0.296245 0.914950 0 3 15034.845991
2 56633 78629936 37978 2237600 83266 94201 359 104 272 191 303 77 27.000000 690.000000 0.037552 0.991872 0 3 16007.497916
2 59917 86829082 39563 2845228 88231 98999 441 175 638 820 1057 151 82.000000 574.000000 0.114525 0.990732 0 2 12191.419591
2 18476 20961444 14345 1761522 19729 31212 1605 197 595 363 771 410 158.000000 270.000000 0.219750 0.902075 0 2 11571.353943
2 23024 24161204 17190 2848391 21150 39686 300 133 639 622 748 131 132.000000 336.000000 0.183588 0.979410 0 2 8135.508628
2 12546 15265902 11997 1539712 20093 24302 241 79 515 235 882 131 197.000000 64.000000 0.273992 0.980361 0 2 7526.114185
2 12588 13702982 11607 1657242 18711 24023 172 73 601 230 1018 128 178.000000 97.000000 0.247566 0.985782 0 2 8725.124263
2 2825 2058455 3208 467837 2795 5920 113 45 638 97 404 96 186.000000 208.000000 0.258693 0.962539 0 2 9558.376945
2 1546 1009117 1600 253337 1641 3011 95 38 142 50 254 56 438.000000 18.000000 0.613445 0.926891 0 2 11207.973331
2 2555 1888731 2647 417003 3071 4985 153 76 254 112 428 76 457.000000 30.000000 0.638268 0.928874 0 2 8498.493652
2 389 98078 475 58761 225 788 76 30 60 12 60 20 547.000000 11.000000 0.770423 0.824074 0 2 6000.454587
2 40905 35001585 17164 2188180 262 57944 54 19 110 15 121 35 177.000000 116.000000 0.246175 0.996917 0 2 6511.934951
2 623 199197 651 80979 410 1206 48 24 81 20 144 35 508.000000 18.000000 0.710490 0.908948 0 2 6447.159179
2 561 111410 673 77994 252 957 90 34 103 11 91 32 496.000000 42.000000 0.693706 0.702593 0 2 5258.409692
2 1879 1157316 1688 199972 339 3517 50 25 166 77 204 35 435.000000 27.000000 0.608392 0.971965 0 2 5488.587554
2 30271 37457687 23007 2033700 37180 51946 746 443 991 705 1259 286 114.000000 125.000000 0.158554 0.960997 0 2 5298.004865
2 13564 18350804 10439 861641 20962 23860 143 59 303 205 465 129 165.000000 142.000000 0.230126 0.988085 0 2 4755.717259
2 13217 17290934 9894 724060 21393 22899 212 80 165 72 180 96 209.000000 96.000000 0.290682 0.981654 0 2 4401.706894
2 11591 15014620 7603 708966 14957 19000 158 71 245 126 402 96 226.000000 67.000000 0.315202 0.981661 0 2 4983.003253
2 19235 18381827 9551 790813 4896 28499 140 69 289 144 635 65 335.000000 139.000000 0.466574 0.985166 0 2 8064.658233
2 3635 2939986 2664 266025 1379 6084 95 42 252 60 234 65 400.000000 36.000000 0.556328 0.950786 0 2 7194.131780
2 3793 2929971 2780 389863 2146 6125 124 62 222 77 317 67 354.000000 42.000000 0.493724 0.912977 0 2 6097.766275
2 4919 3418932 4111 700238 6200 8374 241 109 358 119 1101 125 291.000000 50.000000 0.404729 0.900664 0 2 9874.510834
2 714 176417 848 150364 658 1504 50 24 110 30 161 45 473.000000 16.000000 0.657858 0.930858 0 2 6324.798549
2 414 94165 509 89052 290 875 32 12 83 13 103 11 508.000000 21.000000 0.714487 0.913326 0 2 5127.635909
2 1077 224127 1340 453624 1118 2307 110 47 178 45 204 53 381.000000 58.000000 0.535865 0.908978 0 2 7638.096284
2 2319 2359051 1999 235877 2559 4244 74 36 163 84 244 52 452.000000 21.000000 0.629526 0.965725 0 2 7171.596107
2 1038 516717 1188 203674 1156 2136 90 36 129 49 177 44 481.000000 36.000000 0.671788 0.919137 0 2 6833.372198
2 619 278852 647 81930 330 1232 34 17 66 13 79 27 530.000000 14.000000 0.737135 0.946288 0 2 5540.326313
2 1004 468417 1118 194016 1106 2049 73 34 141 52 177 36 480.000000 15.000000 0.669456 0.931197 0 2 6949.510339
2 497 143783 638 91702 559 1090 45 17 102 18 111 38 534.000000 18.000000 0.750000 0.920705 0 2 7127.959684
2 383 95198 461 69460 252 812 32 14 60 18 66 21 564.000000 8.000000 0.787709 0.924171 0 2 6248.871537
2 504 118158 606 95206 464 1044 66 25 93 35 107 27 566.000000 20.000000 0.791608 0.881081 0 2 6128.654705
2 1032 493054 1190 177807 1246 2086 89 47 150 43 203 53 445.000000 54.000000 0.619777 0.898740 0 2 8034.124693
2 215 44103 278 38683 0 464 29 7 48 3 35 11 601.000000 14.000000 0.835883 0.882353 0 2 4871.733598
2 259 55928 355 61507 0 565 49 13 54 11 57 10 582.000000 22.000000 0.809458 0.840391 0 1 2110.640278
2 187 43175 235 28366 13 391 31 14 40 2 31 5 598.000000 8.000000 0.831711 0.853081 0 2 3092.118536
2 199 34035 262 38616 0 452 9 5 51 7 41 5 582.000000 16.000000 0.809458 0.960954 0 2 4712.793160
2 1321 519698 1231 197428 463 1414 1135 22 75 7 48 18 543.000000 22.000000 0.755216 0.109326 0 3 7461.120909
1 4667 4466603 4280 473568 3649 5739 3186 52 178 23 257 50 505.000000 103.000000 0.705307 0.285347 0 1 70.121902
1 18619 21865074 12990 1295511 17981 30589 1020 123 352 264 529 107 253.000000 68.000000 0.351878 0.935461 0 1 110.443343
1 1713 1120651 1829 203395 1749 2804 736 19 223 75 177 48 374.000000 92.000000 0.520167 0.583851 0 1 45.885703
1 16445 25674743 10839 751565 24622 26408 876 20 68 21 120 27 513.000000 34.000000 0.713491 0.935787 0 1 18.450063
1 20588 32130462 13507 850768 29301 33292 803 15 66 33 151 29 341.000000 137.000000 0.474270 0.952896 0 1 18.924994
1 22316 29410707 14345 1083950 28075 35823 836 58 219 163 503 75 162.000000 121.000000 0.227848 0.954338 0 1 82.195817
1 28382 43792458 17549 1181208 38920 45017 914 53 259 128 343 70 382.000000 43.000000 0.531293 0.960201 0 1 85.152512
1 7745 12792946 5979 406287 9015 13101 623 19 79 143 221 45 381.000000 22.000000 0.529903 0.909210 0 1 31.531617
1 22774 35320809 13967 1068281 31372 35999 742 14 71 41 123 31 353.000000 24.000000 0.491643 0.959609 0 1 28.989837
1 16670 23367553 9164 702024 24406 24888 946 27 101 64 143 46 326.000000 42.000000 0.453407 0.926763 0 1 34.257282
1 2382 1081407 2223 270887 1530 2087 2512 21 80 84 171 50 365.000000 40.000000 0.507649 0.092291 0 1 29.006852
1 4654 2014342 4028 459397 1095 7898 784 20 82 54 116 39 77.000000 534.000000 0.107093 0.819396 0 1 29.760225
1 1613 166822 1495 360332 735 2528 580 15 43 43 59 24 1.000000 720.000000 0.001391 0.626770 0 1 18.935660
1 1497 172146 1292 147001 461 2203 586 8 29 23 64 21 3.000000 559.000000 0.004172 0.579778 0 1 11.184752
1 1620 181386 1368 158108 512 2288 700 11 37 23 63 22 -1.000000 720.000000 -0.001391 0.531459 0 1 14.152617
1 1498 167435 1319 144267 438 2220 597 10 29 15 67 23 -1.000000 720.000000 -0.001391 0.576145 0 1 12.496468
1 1518 151821 1362 158898 480 2359 521 7 39 26 65 21 -1.000000 720.000000 -0.001391 0.638194 0 1 12.849813
1 2552 661758 2463 286948 1420 3267 1742 22 61 44 187 40 -1.000000 720.000000 -0.001391 0.304088 0 1 25.870494
1 1821 565478 1709 178143 1012 2739 791 18 53 40 102 35 1.000000 720.000000 0.001391 0.551841 0 1 21.190620
1 2249 759359 2071 236294 1308 3594 726 14 72 70 107 31 -1.000000 720.000000 -0.001391 0.663889 0 1 25.720448
1 1567 202061 1498 167815 608 2339 726 15 40 28 93 32 -1.000000 720.000000 -0.001391 0.526264 0 1 15.497984
1 3253 1428971 2899 488081 2655 5412 740 36 130 68 253 50 1.000000 720.000000 0.001391 0.759428 0 1 46.983183
1 1655 247420 1737 194484 563 2364 1028 22 83 37 59 33 0.000000 720.000000 0.000000 0.393868 0 1 23.615042
1 1435 158478 1394 154203 492 2269 560 9 68 24 70 25 2.000000 720.000000 0.002782 0.604100 0 1 14.281971
1 1590 170202 1507 152846 473 2526 571 8 38 21 59 20 8.000000 720.000000 0.011127 0.631256 0 1 13.614498
1 9971 11256835 7973 1130803 1323 17050 894 36 239 45 353 52 -1.000000 720.000000 -0.001391 0.900357 0 1 114.999872
1 3274 1522234 2910 361226 1884 5234 950 41 127 72 244 55 22.000000 415.000000 0.030598 0.692756 0 1 52.044250
1 2826 1153193 2565 350456 1726 4785 606 30 110 60 238 51 9.000000 712.000000 0.012517 0.775181 0 1 41.028477
1 3180 984598 3278 448913 543 5936 522 13 167 42 304 26 2.000000 654.000000 0.002782 0.838340 0 1 191.545399
1 10466 6821245 7459 675239 1314 17354 571 33 98 95 172 41 3.000000 465.000000 0.004172 0.936290 0 1 42.993530
1 6422 4339768 4752 461500 2166 10250 924 21 114 59 256 38 11.000000 709.000000 0.015299 0.834616 0 1 34.989345
1 5686 3853598 4567 498382 3588 9666 587 26 137 33 210 39 8.000000 720.000000 0.011127 0.885497 0 1 46.873939
1 2713 366229 2269 241027 917 4170 808 18 92 46 142 32 12.000000 452.000000 0.016690 0.674829 0 1 28.891269
1 16972 1945300 10008 1002386 1113 26291 678 34 132 62 279 33 -1.000000 720.000000 -0.001391 0.949333 0 1 219.284286
1 15709 1195666 8560 753195 1573 23603 666 24 118 63 211 36 -1.000000 720.000000 -0.001391 0.945115 0 1 34.185865
1 25388 12755579 14450 1963711 14866 38789 1043 65 255 202 416 71 -1.000000 720.000000 -0.001391 0.947487 0 1 77.173316
1 15434 1112095 8297 729970 1185 23173 558 25 89 49 164 30 -1.000000 720.000000 -0.001391 0.952973 0 1 23.110505
1 15386 1222759 8157 694030 1173 22940 603 21 66 49 115 26 -1.000000 720.000000 -0.001391 0.948775 0 1 19.688582
1 14880 1060289 8176 721444 1094 22268 788 31 190 51 130 33 2.000000 496.000000 0.002782 0.931645 0 1 30.356873
1 15438 1061670 8245 746601 988 22908 775 17 70 57 123 27 -1.000000 720.000000 -0.001391 0.934552 0 1 20.866578
1 16493 1956804 9354 901359 1655 25050 795 36 120 78 220 49 -1.000000 720.000000 -0.001391 0.938407 0 1 52.896542
1 14255 999438 7839 697014 1118 21540 552 18 80 44 168 32 0.000000 720.000000 0.000000 0.949941 0 1 21.532983
1 14959 972048 7838 647185 746 22250 547 20 49 30 92 16 -1.000000 720.000000 -0.001391 0.952011 0 1 13.586933
1 21414 3564289 12810 1127876 885 33682 538 14 68 47 141 25 -1.000000 720.000000 -0.001391 0.968443 0 1 34.832322
1 21507 8463361 11710 857231 922 32664 553 14 60 48 122 24 -1.000000 720.000000 -0.001391 0.966704 0 1 17.318102
1 17206 2286881 9767 1002218 1875 26293 677 37 120 111 206 47 -1.000000 720.000000 -0.001391 0.949690 0 1 53.694452
1 18178 4171290 10081 915161 3421 27297 960 26 113 103 259 46 -1.000000 720.000000 -0.001391 0.931986 0 1 33.028365
1 15234 1040751 7987 651059 791 22462 759 11 50 44 93 17 -1.000000 720.000000 -0.001391 0.934628 0 1 14.365528
1 15212 1019063 8007 652002 841 22586 633 18 48 57 124 23 -1.000000 720.000000 -0.001391 0.945476 0 1 13.853399
1 15252 1141193 8023 655781 1023 22734 541 12 58 52 115 21 -1.000000 720.000000 -0.001391 0.953512 0 1 16.397059
1 87 15717 186 20557 146 207 56 9 51 2 22 24 595.000000 8.000000 0.881481 0.553114 0 1 6.503008
1 170 86857 333 36460 303 377 116 11 53 12 69 27 591.000000 7.000000 0.841880 0.518887 0 1 7.183800
1 157 36156 248 26628 252 330 65 14 60 19 37 28 621.000000 5.000000 0.878359 0.654321 0 1 9.236462
1 577 362599 644 66244 638 1083 127 34 91 43 70 33 585.000000 12.000000 0.818182 0.782965 0 1 20.597270
1 686 292980 894 168696 728 1478 102 25 80 63 138 28 452.000000 20.000000 0.656023 0.870886 0 1 14.637708
1 1958 2070050 1771 261640 1989 3587 132 38 114 17 110 36 558.000000 11.000000 0.776078 0.926522 0 1 21.012346
1 1035 938671 958 110689 1087 1801 182 29 113 28 109 48 508.000000 21.000000 0.735166 0.812343 0 1 22.612557
1 199 87682 309 36707 299 411 87 20 69 19 40 32 591.000000 14.000000 0.832394 0.637795 0 1 10.642616
1 510 714249 436 36742 774 864 72 11 52 16 31 29 603.000000 7.000000 0.842179 0.837209 0 1 6.875585
1 67 5718 134 14756 114 164 37 4 46 7 20 15 605.000000 6.000000 0.881924 0.631841 0 1 5.930959
1 84 17473 166 19496 129 201 39 4 47 9 16 16 611.000000 15.000000 0.888081 0.648000 0 1 5.544993
1 1040 537366 1040 174999 1076 1914 156 37 124 84 138 39 533.000000 14.000000 0.768012 0.845192 0 1 26.910506
1 115 12479 214 23667 218 270 49 8 60 18 33 23 614.000000 10.000000 0.877143 0.671733 0 1 9.252192
1 538 707930 472 40676 843 928 72 10 54 11 36 27 601.000000 9.000000 0.851275 0.847525 0 1 8.810164
1 59 5364 132 15022 108 156 35 4 46 4 20 13 650.000000 4.000000 0.912921 0.633508 0 1 5.544501
1 79 21926 174 19137 130 198 44 6 46 6 26 18 638.000000 6.000000 0.888579 0.608696 0 1 6.142026
1 150 52573 242 27835 235 315 67 10 54 13 41 25 634.000000 5.000000 0.883008 0.632653 0 1 8.635608
1 93 9180 178 19169 179 223 41 5 50 16 26 17 636.000000 5.000000 0.897038 0.671587 0 1 9.006686
1 107 29430 209 29476 156 232 74 7 51 10 33 22 632.000000 6.000000 0.881450 0.500000 0 1 7.481670
1 216 120738 277 56319 294 438 55 14 59 17 24 24 624.000000 7.000000 0.872727 0.776876 0 1 11.265335
1 122 42574 338 57305 165 377 73 10 157 12 25 22 562.000000 7.000000 0.782730 0.660870 0 1 17.089553
1 2557 1570022 2475 520344 2863 4779 243 75 376 137 229 48 409.000000 30.000000 0.568846 0.901431 0 1 61.523594
1 3824 3739746 3525 402815 3849 7146 193 59 239 204 243 56 450.000000 21.000000 0.625869 0.946115 0 1 49.263030
1 407 227564 524 74548 440 811 110 19 97 27 61 33 567.000000 15.000000 0.788595 0.752954 0 1 14.052685
1 618 239424 704 137830 701 1238 84 25 98 59 89 28 576.000000 10.000000 0.801113 0.872920 0 1 20.366940
1 1213 741558 1184 141325 1404 2276 111 41 179 91 156 33 547.000000 16.000000 0.763966 0.903212 0 1 34.587767
1 141 22526 233 26415 214 275 89 11 50 15 39 25 624.000000 7.000000 0.871508 0.497326 0 1 9.687291
1 109 10978 197 21144 179 253 43 6 52 13 33 19 637.000000 14.000000 0.885953 0.686275 0 1 9.940131
1 2541 1742591 2417 361747 2969 4700 248 79 325 191 322 55 474.000000 47.000000 0.662011 0.897943 0 1 58.103376
1 486 374891 702 69330 536 1101 87 29 260 41 46 24 506.000000 13.000000 0.703755 0.853535 0 1 34.984886
1 1776 1156727 1779 302955 2470 3366 179 58 319 152 206 41 474.000000 19.000000 0.661088 0.896484 0 1 59.055798
1 194 93308 485 45801 252 493 176 14 215 11 37 28 502.000000 14.000000 0.704067 0.466863 0 1 24.150518
1 111 22212 369 30981 188 416 54 9 215 14 25 22 543.000000 9.000000 0.756267 0.754167 0 1 24.592091
1 3087 3141240 2951 294656 3808 5783 245 89 356 123 278 56 329.000000 93.000000 0.457580 0.917191 0 1 61.214874
1 2640 2316723 2394 214224 783 4928 106 24 405 165 282 46 380.000000 37.000000 0.538244 0.957886 0 1 116.056422
1 130 18605 164 19666 134 249 35 0 11 17 35 11 618.000000 9.000000 0.885387 0.727891 0 1 5.753907
1 124 19697 210 25546 164 250 74 6 22 8 46 21 632.000000 7.000000 0.885154 0.526946 0 1 8.253349
1 204 50448 256 33539 261 407 43 4 33 16 47 16 615.000000 11.000000 0.867419 0.791304 0 1 19.138229
1 893 924044 695 70195 561 1511 67 2 32 13 81 17 548.000000 13.000000 0.762170 0.909320 0 1 24.577683
1 309 62131 334 45882 456 585 58 6 20 4 47 12 567.000000 14.000000 0.790795 0.819596 0 1 13.829678
1 120 19449 174 20456 125 240 43 3 15 9 38 11 641.000000 9.000000 0.895251 0.670068 0 1 11.174176
1 220 50018 288 36516 203 435 63 14 33 12 71 21 597.000000 10.000000 0.844413 0.732283 0 1 23.526083
1 186 75909 225 25635 232 358 46 7 25 19 42 17 637.000000 6.000000 0.892157 0.759124 0 1 12.578458
1 191 63434 229 32273 182 366 44 5 24 16 43 17 622.000000 7.000000 0.878531 0.766667 0 1 17.000766
1 1027 1422755 735 71437 1066 1707 55 5 27 15 61 14 621.000000 6.000000 0.874648 0.937571 0 1 15.133969
1 159 48653 239 28116 289 336 52 1 15 12 58 12 603.000000 11.000000 0.849296 0.713568 0 1 6.139128
1 654 711013 504 46267 213 1082 66 5 28 12 72 18 621.000000 8.000000 0.864902 0.877375 0 1 18.888873
1 222 88927 319 38213 319 480 51 7 31 25 72 17 605.000000 10.000000 0.850914 0.792976 0 1 13.196269
1 125 25700 192 25159 175 270 37 1 17 14 51 15 635.000000 6.000000 0.889356 0.735016 0 1 10.023157
1 123 22970 190 23340 226 270 43 5 18 13 58 12 623.000000 8.000000 0.877465 0.725240 0 1 8.672363
1 2070 1036630 1942 1045556 2526 3257 745 45 127 53 227 63 432.000000 68.000000 0.606742 0.626122 0 1 12238.474218
1 804 481765 1042 557461 582 1120 707 14 38 19 88 31 617.000000 10.000000 0.861732 0.223727 0 1 26244.269239
1 336 53430 212 30932 209 306 242 5 14 10 32 20 635.000000 6.000000 0.883171 0.116788 0 1 4.394455
1 285 40884 193 17846 163 206 262 2 10 8 25 17 632.000000 9.000000 0.880223 0.117155 0 1 3.039741
1 387 76810 322 41609 325 400 299 21 24 19 46 31 598.000000 8.000000 0.834031 0.142454 0 1 7.347997
1 245 35878 191 17511 177 230 196 6 13 12 38 21 632.000000 6.000000 0.881450 0.077982 0 1 3.445263
1 292 44086 197 23468 191 253 226 4 13 11 31 16 631.000000 5.000000 0.889986 0.055215 0 1 4.120954
1 250 32252 167 19268 167 218 199 5 12 8 22 18 651.000000 3.000000 0.905424 0.045564 0 1 3.613250
1 282 47256 237 25631 215 291 218 5 16 12 40 20 621.000000 8.000000 0.869748 0.140655 0 1 3.919105
1 623 401745 567 62257 820 916 256 29 49 14 93 39 623.000000 10.000000 0.870112 0.554622 0 1 16.123947
1 306 49310 250 27135 258 337 209 10 26 15 33 25 617.000000 6.000000 0.866573 0.230216 0 1 6.565217
1 368 266112 295 33775 396 515 138 3 30 9 24 17 638.000000 6.000000 0.887344 0.568627 0 1 5.587784
1 336 39668 240 29802 198 348 223 4 19 14 40 23 621.000000 8.000000 0.872191 0.217014 0 1 19661.169658
1 236 32305 163 16112 150 205 184 3 10 6 19 17 631.000000 6.000000 0.878830 0.052632 0 1 3.039741
1 397 104775 309 43928 343 445 251 6 22 14 50 32 612.000000 12.000000 0.859551 0.274788 0 1 6.750727
1 272 34561 186 19652 183 228 220 13 15 9 24 22 614.000000 6.000000 0.864789 0.017467 0 1 4.066122
1 281 42068 176 22568 174 239 208 3 15 12 21 15 631.000000 5.000000 0.881285 0.067834 0 1 4.066122
1 306 41571 210 23664 199 262 254 15 32 11 28 22 619.000000 6.000000 0.860918 0.015504 0 1 5.571972
1 303 75006 234 24845 216 299 228 3 26 11 29 19 610.000000 11.000000 0.848401 0.132216 0 1 4.916011
1 489 274600 380 49344 467 579 280 10 24 9 54 27 598.000000 17.000000 0.842254 0.344074 0 1 6.951719
1 236 38960 233 20929 212 268 191 11 13 6 58 23 605.000000 12.000000 0.856941 0.164179 0 1 3.859977
1 252 43635 222 28555 231 313 151 5 16 6 39 15 628.000000 8.000000 0.874652 0.341772 0 1 5.023384
1 260 28470 181 18043 201 238 203 4 13 8 42 21 636.000000 7.000000 0.885794 0.079365 0 1 3.872221
1 270 46419 198 21264 162 238 220 3 14 2 16 19 634.000000 6.000000 0.881780 0.038462 0 1 3.432292
1 1233 840805 1129 431354 1513 1882 470 30 113 34 104 46 500.000000 15.000000 0.700280 0.597798 0 1 20.031121
1 236 32749 211 20710 231 275 162 7 15 10 49 22 623.000000 8.000000 0.870112 0.252796 0 1 4.744120
1 5579 6621692 4647 760321 5913 9615 600 107 458 102 379 78 414.000000 117.000000 0.576602 0.881576 0 1 86.248858
1 336 87074 270 31279 271 365 241 8 18 6 52 24 599.000000 9.000000 0.847242 0.204620 0 1 5.384019
1 427 117814 410 52049 405 607 219 17 28 9 62 32 570.000000 15.000000 0.798319 0.463560 0 1 6.841780
1 7904 12053897 5200 433231 8079 12877 216 20 63 14 120 36 569.000000 22.000000 0.791377 0.966194 0 1 18.613681
1 336 54172 697 654617 215 290 733 17 19 3 30 25 603.000000 7.000000 0.841004 0.428848 0 1 7.356005
1 409 123498 373 53777 457 536 236 21 37 11 69 35 578.000000 11.000000 0.803894 0.383632 0 1 10.267638
1 7925 12976911 5147 422191 7799 12834 238 11 28 7 48 24 579.000000 12.000000 0.806407 0.963586 0 1 20946.039918
1 265 44112 248 25801 238 307 196 11 18 12 45 23 607.000000 10.000000 0.847765 0.216374 0 1 5.306938
1 362 103836 337 39551 328 457 232 9 23 19 51 29 588.000000 15.000000 0.817802 0.321888 0 1 6.876167
1 288 57752 280 31707 211 329 229 6 32 14 34 22 587.000000 8.000000 0.816412 0.176056 0 1 6.045401
1 2905 3459509 2169 304998 3012 4783 281 39 81 21 166 57 582.000000 8.000000 0.812849 0.887268 0 1 23.169679
1 994 895254 796 96281 1109 1570 220 14 72 28 82 48 554.000000 14.000000 0.770515 0.754190 0 1 14.529497
1 380 61128 348 39390 324 488 230 6 52 13 53 25 568.000000 13.000000 0.791086 0.354396 0 1 8.097296
1 982 713028 892 103792 1169 1529 335 18 57 27 99 40 490.000000 14.000000 0.689170 0.637140 0 1 14.172290
1 524 145890 519 59928 517 741 292 13 34 21 77 30 554.000000 7.000000 0.782486 0.430489 0 1 19476.657757
1 7845 12583738 4985 387170 7742 12556 264 8 24 11 51 26 587.000000 11.000000 0.816412 0.958067 0 1 7.356852
1 308 50253 241 25829 256 311 228 10 18 10 40 23 612.000000 7.000000 0.857143 0.151184 0 1 5.211870
1 489 180958 408 54685 535 647 240 9 42 10 85 26 619.000000 7.000000 0.863319 0.453735 0 1 12.459094
1 3270 4426805 2099 124700 5232 5297 72 32 15 0 0 16 563.000000 10.000000 0.969019 0.973179 0 1 6988.935689
1 8056 6432547 7282 827726 8853 14597 741 358 295 350 475 54 409.000000 97.000000 0.568846 0.903377 0 1 8285.897142
1 7424 4779390 7376 1117896 8378 13737 1063 536 414 353 621 77 380.000000 57.000000 0.534459 0.856351 0 1 6367.837929
1 4055 2444803 4261 647926 5421 7237 1079 534 444 198 524 75 328.000000 45.000000 0.510109 0.740500 0 1 6780.426566
1 6281 3144659 6891 975899 7208 12268 904 457 714 513 718 61 233.000000 165.000000 0.324513 0.862739 0 1 5298.815336
1 105 15539 141 11294 166 222 24 6 6 0 27 18 600.000000 11.000000 0.903614 0.804878 0 1 6632.393560
1 3 202 6 483 3 8 1 0 0 0 2 2 386.000000 1.000000 0.992288 0.777778 0 0 0.000000
1 60 10153 61 8066 67 100 21 10 4 2 6 6 694.000000 2.000000 0.971989 0.652893 0 1 4847.395061
1 54 10492 65 8534 72 102 17 7 8 0 10 8 488.000000 4.000000 0.956863 0.714286 0 1 7003.180822
1 28 8578 34 3260 27 51 11 4 5 0 2 6 652.000000 3.000000 0.987879 0.645161 0 1 2345.999936
1 49 15977 64 7720 46 100 13 6 7 4 7 5 380.000000 4.000000 0.957179 0.769911 0 1 6311.981960
1 890 513200 1093 135563 1054 1882 73 35 139 21 154 55 508.000000 27.000000 0.769697 0.912254 0 1 7877.795060
1 104 13445 107 8269 46 130 9 4 5 0 75 8 675.000000 3.000000 0.952045 0.573460 0 1 3423.599774
1 1912 2049268 2358 295052 1755 4119 137 46 105 67 391 35 395.000000 47.000000 0.550139 0.932553 0 1 62.774804
1 322 88377 945 83041 294 1204 63 14 101 61 484 17 292.000000 27.000000 0.407252 0.900553 0 2 2649.005786
1 199 28525 768 63787 180 918 49 6 91 53 439 14 334.000000 17.000000 0.467133 0.898656 0 2 741.525268
1 1166 784787 1560 232437 556 2581 145 28 126 71 501 23 289.000000 56.000000 0.403068 0.893617 0 1 61.756783
1 3959 1965260 4256 1654669 3438 7766 449 136 240 144 683 43 200.000000 95.000000 0.278940 0.890688 0 2 1017.823600
1 1064 514218 1577 207366 671 2527 114 32 162 21 494 24 319.000000 32.000000 0.444290 0.913669 0 1 73.653480
1 1506 546044 2097 302519 1148 3407 183 52 172 105 758 49 257.000000 67.000000 0.357441 0.894810 0 2 611.338135
1 2947 1470417 3562 455221 3719 6073 436 198 287 255 706 55 295.000000 52.000000 0.410292 0.866032 0 2 6924.486233
1 570 67945 1185 102101 617 1613 142 18 106 59 550 39 282.000000 85.000000 0.394406 0.838177 0 2 1548.072386
1 3467 1452731 4264 590994 3454 7210 521 230 374 171 895 59 206.000000 148.000000 0.286509 0.865218 0 2 3636.897162
1 18540 13667638 19437 2060661 20661 36209 1768 939 1291 964 1296 116 138.000000 160.000000 0.191933 0.906891 0 2 7100.600158
1 10608 11506640 9916 1061763 15622 20009 515 235 619 223 471 104 222.000000 150.000000 0.308762 0.949815 0 2 9133.266036
1 5550 7482659 6676 633745 9825 12051 175 73 1022 54 160 68 157.000000 113.000000 0.218968 0.971372 0 2 7608.784513
1 4782 2485884 5489 683666 3986 9532 673 308 822 186 470 81 177.000000 235.000000 0.251778 0.862526 0 2 7763.802948
1 14480 6910382 15644 2439382 13653 28579 1497 764 1510 1316 1423 83 125.000000 228.000000 0.173853 0.899017 0 1 7673.856762
1 2200 1495535 2564 510637 894 4588 176 68 438 66 180 33 398.000000 68.000000 0.553547 0.926113 0 1 4754.941382
1 2095 1178086 2681 438082 2014 4530 246 122 415 326 248 32 455.000000 110.000000 0.678092 0.896985 0 1 5730.468657
1 782 765017 973 110779 1166 1693 60 27 132 34 55 42 591.000000 20.000000 0.898176 0.930484 0 1 8483.472703
1 1325 680586 1839 607170 1187 3065 58 26 276 42 147 35 575.000000 17.000000 0.799722 0.950379 0 2 7886.497150
1 34 3320 41 4425 3 39 3 0 0 0 32 6 615.000000 2.000000 0.968504 0.480000 0 0 0.000000
1 42 12798 52 5529 38 75 19 7 6 0 4 8 624.000000 4.000000 0.970451 0.595745 0 1 3102.033053
1 0 0 3 214 0 0 3 0 0 0 0 2 716.000000 1.000000 0.995827 1.000000 0 0 0.000000
1 31 8408 51 4614 23 46 36 7 5 0 2 8 629.000000 4.000000 0.963247 0.121951 0 1 5193.999558
1 11 1542 19 1300 0 4 26 6 0 0 0 7 607.000000 1.000000 0.979032 0.733333 0 0 0.000000
1 48 10299 69 9554 38 88 29 5 3 0 6 8 643.000000 7.000000 0.952593 0.504273 0 1 3261.647438
1 17259 24302678 12047 761875 29281 29281 25 0 1 0 6 7 632.000000 20.000000 0.946108 0.998294 0 1 0.055092
1 23 7365 29 2939 20 39 13 4 5 0 0 5 676.000000 4.000000 0.986861 0.500000 0 1 19.620398
1 1077 91914 1918 153225 219 911 1514 1048 827 1 14 41 140.000000 167.000000 0.208024 0.201336 0 2 3283.097463
1 719 66032 948 82317 83 356 906 619 300 0 4 33 316.000000 85.000000 0.456647 0.329934 0 2 3570.521523
1 40 7340 36 28323 0 60 16 0 4 2 8 4 656.000000 3.000000 0.977645 0.578947 0 1 0.433014
1 16 4052 9 4518 0 15 10 0 1 0 0 3 623.000000 1.000000 0.987322 0.200000 0 1 0.003910
1 28 7154 22 14783 0 37 13 0 1 0 4 5 596.000000 2.000000 0.981878 0.480000 0 1 0.003910
1 17 3619 14 9990 0 23 8 0 1 0 2 3 480.000000 2.000000 0.987654 0.483871 0 1 0.003910
1 34 10209 21 17522 0 51 4 0 2 0 4 3 693.000000 2.000000 0.987179 0.854545 0 1 0.001955
1 23 4808 22 16185 0 33 12 0 2 0 4 3 615.000000 4.000000 0.984000 0.466667 0 1 0.500004
1 47 11977 34 24897 0 64 17 0 3 1 6 5 684.000000 3.000000 0.975749 0.580247 0 1 0.471406
1 19 3784 16 10170 0 23 12 1 1 0 2 4 472.000000 3.000000 0.983333 0.314286 0 1 0.003910
1 14509 22246038 5392 272642 0 19891 10 0 9 1 6 4 617.000000 52.000000 0.906021 0.998995 0 1 18070.748904
1 21 4609 20 15948 0 33 8 0 2 0 4 3 654.000000 1.000000 0.990909 0.609756 0 1 0.500004
1 15 3831 8 4252 0 19 4 0 1 0 2 2 594.000000 3.000000 0.990000 0.652174 0 1 0.003910
1 31 9581 22 22799 0 51 2 0 2 0 2 3 664.000000 2.000000 0.992526 0.924528 0 1 0.001955
1 13 3685 7 4143 0 18 2 0 1 0 1 3 655.000000 1.000000 0.992424 0.800000 0 1 0.003910
1 24 6736 17 13606 0 37 4 0 1 0 4 3 594.000000 2.000000 0.990000 0.804878 0 1 0.003910
1 41 11931 31 26808 0 62 9 0 3 0 6 4 689.000000 2.000000 0.982882 0.736111 0 1 0.471406
1 37 10363 21 17524 3 54 4 0 2 0 4 3 692.000000 2.000000 0.987161 0.862069 0 1 0.001955
1 38 10401 25 18363 0 58 5 0 3 0 6 4 691.000000 2.000000 0.985735 0.841270 0 1 0.001303
1 85 19358 70 37798 13 136 14 0 18 2 14 7 553.000000 4.000000 0.966783 0.787097 0 1 26825.452761
1 36 10549 23 17916 0 47 12 0 2 0 2 4 699.000000 2.000000 0.983122 0.593220 0 1 0.001955
1 33 8138 27 20044 0 49 11 0 2 1 6 4 580.000000 3.000000 0.981387 0.633333 0 1 0.500004
1 7 622 7 697 0 4 10 0 0 0 2 3 484.000000 1.000000 0.987755 0.428571 0 0 0.000000
1 32 10059 20 17403 0 50 2 0 2 0 4 3 489.000000 2.000000 0.983903 0.923077 0 1 0.001955
1 27 6880 18 13654 0 41 4 0 2 0 4 2 604.000000 1.000000 0.993421 0.822222 0 1 0.001955
1 49 12817 39 30736 0 73 15 0 4 1 8 5 685.000000 5.000000 0.974395 0.659091 0 1 0.500001
1 32 7410 23 14259 0 41 14 0 2 0 4 3 628.000000 2.000000 0.985871 0.490909 0 1 0.001955
1 47 11265 33 18437 0 50 25 10 2 0 4 6 647.000000 2.000000 0.974398 0.312500 0 1 0.001955
1 30 7198 21 14017 0 41 10 0 2 0 4 3 473.000000 2.000000 0.985417 0.607843 0 1 0.001955
1 29 4985 22 5326 0 19 27 10 1 0 2 5 676.000000 2.000000 0.976879 0.156863 0 1 0.003910
1 53 13940 40 28349 0 72 19 4 3 0 6 7 654.000000 2.000000 0.979042 0.569892 0 1 0.001303
1 34 10217 21 17524 0 51 4 0 2 0 4 4 685.000000 2.000000 0.987032 0.854545 0 1 0.001955
1 23 6690 15 13514 0 34 4 0 1 0 2 2 604.000000 2.000000 0.991790 0.789474 0 1 0.003910
1 32 10059 21 18102 0 50 3 0 2 0 4 4 508.000000 2.000000 0.982592 0.886792 0 1 0.001955
1 22 6644 15 13514 0 33 4 0 1 0 2 2 604.000000 2.000000 0.991790 0.783784 0 1 0.003910
1 42 10531 26 17683 0 66 2 0 4 0 8 3 469.000000 2.000000 0.983229 0.941176 0 1 0.000977
1 23 6690 15 13514 0 34 4 0 1 0 2 2 604.000000 2.000000 0.991790 0.789474 0 1 0.003910
1 24969 26314960 23212 3056520 37029 46928 1228 522 1085 431 2183 226 202.000000 114.000000 0.282123 0.948507 0 1 284.656494
1 7210 4250578 6611 1179493 8029 13521 300 154 531 245 958 80 450.000000 56.000000 0.625869 0.956588 0 1 145.183777
1 11530 11407949 10535 1288340 14989 21635 430 219 531 309 862 95 391.000000 33.000000 0.544568 0.961024 0 1 147.481701
1 21356 26396803 18269 2228535 35671 38909 716 369 1057 251 1851 161 441.000000 101.000000 0.613352 0.963861 0 1 2084.261145
1 14300 15794505 11856 1751414 18881 25786 370 199 686 269 1052 142 404.000000 36.000000 0.561891 0.971708 0 1 850.541260
1 1699 1239732 1558 323917 2746 3099 158 68 140 69 241 77 510.000000 14.000000 0.718310 0.902978 0 1 37.641315
1 11134 12873068 10145 1504883 12092 20947 332 157 472 315 803 108 461.000000 51.000000 0.641168 0.968796 0 1 3823.986131
1 16033 13004718 14676 4261740 16304 29975 734 314 1069 748 1890 116 382.000000 46.000000 0.532775 0.952196 0 1 3899.552990
1 23302 21208809 20621 5469479 23556 42988 935 409 1348 1014 2435 114 313.000000 64.000000 0.436541 0.957425 0 1 1740.577386
1 12265 13953331 10622 1721894 13141 22479 408 184 579 383 998 128 434.000000 47.000000 0.605300 0.964347 0 1 1145.978465
1 14901 20005853 12411 1854782 17083 26795 517 242 498 319 878 125 476.000000 47.000000 0.674221 0.962141 0 1 4173.025504
1 979 1064301 808 90844 1205 1688 83 41 49 6 87 34 582.000000 6.000000 0.816269 0.898153 0 1 13.090337
1 948 938339 806 114950 1164 1682 57 27 51 17 114 40 564.000000 6.000000 0.789916 0.926454 0 1 13.644044
1 1064 1321168 793 86666 1223 1814 43 21 38 8 82 24 577.000000 6.000000 0.833815 0.953689 0 1 12.232625
1 493 284809 493 71284 702 909 77 27 41 11 81 33 585.000000 7.000000 0.818182 0.843813 0 1 11.146582
1 455 204808 460 75359 733 858 57 28 45 27 91 36 600.000000 5.000000 0.837989 0.875410 0 1 12.811839
1 543 325450 535 75825 706 1029 49 24 38 9 66 29 564.000000 10.000000 0.785515 0.909091 0 1 9.530967
1 932 1005786 788 94385 1107 1653 67 32 46 8 106 37 598.000000 6.000000 0.842254 0.922093 0 1 13.609251
1 6308 3966993 5966 1795753 6536 11688 586 273 504 342 863 109 528.000000 37.000000 0.734353 0.904514 0 1 4297.570463
1 1981 1728283 1864 488320 2106 3739 106 39 123 85 223 42 552.000000 20.000000 0.769874 0.944863 0 1 35.478376
1 843 663867 757 107777 1131 1528 72 34 62 34 125 44 558.000000 9.000000 0.776078 0.910000 0 1 18.011963
1 10285 11281304 8554 992784 14837 18315 524 265 506 252 944 115 457.000000 60.000000 0.648227 0.944371 0 1 2451.260994
1 3842 4288745 3724 475511 4240 7351 215 94 228 113 415 78 508.000000 35.000000 0.707521 0.943167 0 1 61.175555
1 4736 4793257 3813 526383 5082 8412 137 68 216 76 397 56 540.000000 15.000000 0.755245 0.967949 0 1 59.319390
1 8245 12526365 6363 456956 11246 14518 90 42 117 80 167 42 136.000000 259.000000 0.189152 0.987678 0 1 29.955664
1 1320 442562 1276 74171 157 2578 18 2 6 5 8 12 109.000000 522.000000 0.151599 0.986133 0 1 1.707845
1 788 239618 721 45684 157 1487 22 4 9 9 15 16 356.000000 188.000000 0.510760 0.970842 0 1 3.829712
1 16 1569 0 0 16 16 0 0 0 0 2 0 609.000000 0.000000 1.000000 1.000000 0 0 0.000000
1 6018 7026602 4468 299004 7496 10214 248 45 83 64 103 55 108.000000 342.000000 0.150418 0.950410 0 1 24.615970
1 1283 436101 1321 112477 364 2456 131 14 36 35 33 28 218.000000 340.000000 0.303199 0.892857 0 1 11.063230
1 1419 406768 1410 101819 266 2779 47 12 33 31 19 23 101.000000 254.000000 0.140669 0.965712 0 1 6.777996
1 5700 7812698 4457 323574 7996 10115 42 20 133 151 95 18 172.000000 139.000000 0.240559 0.991730 0 1 25.911601
1 151 15715 108 9787 60 247 12 0 2 3 3 9 643.000000 4.000000 0.923851 0.907336 0 1 0.500629
1 3598 2586450 3611 715643 3669 6630 548 164 154 177 157 45 258.000000 149.000000 0.359833 0.843668 0 1 9357.471517
1 624 137424 852 121238 759 1227 236 86 34 55 61 30 406.000000 33.000000 0.585859 0.671409 0 1 10644.932135
1 255 98024 256 46387 469 488 23 5 26 27 36 16 628.000000 11.000000 0.873435 0.909980 0 1 7.500000
1 5546 4867349 5393 888906 6472 10265 655 259 302 238 259 65 273.000000 97.000000 0.379694 0.878508 0 1 5795.430471
1 2511 2597249 2195 360022 3143 4671 35 14 106 111 140 13 356.000000 46.000000 0.495132 0.985125 0 1 49.932098
1 638 205808 1078 518570 698 1069 646 151 30 22 32 27 484.000000 35.000000 0.673157 0.246504 0 1 23.205459
1 18 1188 0 0 18 18 0 0 0 0 3 0 507.000000 0.000000 1.000000 1.000000 0 0 0.000000
1 11486 13928594 8891 834934 9429 14482 5868 114 363 221 379 235 300.000000 171.000000 0.417827 0.422732 0 1 4181.794665
1 985 360549 1140 224134 2040 2042 83 15 154 204 177 30 510.000000 9.000000 0.717300 0.921882 0 1 43.074675
1 1209 165377 1538 377721 2709 2722 25 5 240 304 301 16 466.000000 16.000000 0.648122 0.981798 0 1 68.164675
1 653 176843 717 144762 1344 1347 23 2 100 134 115 15 581.000000 18.000000 0.826458 0.966423 0 1 28.849083